"ID","low","medium","high"
1,0.411059964987733,0.301202855380542,0.287737179631725
2,0.114350260472159,0.432193746097626,0.453455993430215
3,0.433705826505709,0.420777266265857,0.145516907228433
4,0.683815255067291,0.203886551177779,0.11229819375493
5,0.84356481732066,0.119217170617272,0.0372180120620684
6,0.176278971533376,0.360554520998195,0.463166507468429
7,0.801428322992012,0.157776810507229,0.0407948665007585
8,0.651093069889903,0.181418740615456,0.167488189494641
9,0.0881872346256663,0.338378937583315,0.573433827791018
10,0.324442417368578,0.442609196238225,0.232948386393196
11,0.557898936068127,0.3921181019255,0.049982962006373
12,0.706401649324646,0.212996070690965,0.0806022799843896
13,0.182147220841425,0.387216148282592,0.430636630875982
14,0.267741623330504,0.461521342909613,0.270737033759883
15,0.476607956304883,0.382258192432713,0.141133851262404
16,0.470972178100893,0.437457364599851,0.0915704572992564
17,0.0953488741216311,0.296953963811916,0.607697162066453
18,0.285371097919337,0.502431230926278,0.212197671154385
19,0.215834404940758,0.481765185177126,0.302400409882116
20,0.116101307930849,0.478107243218914,0.405791448850237
21,0.419622249271501,0.383020383966027,0.197357366762473
22,0.141670617773128,0.37887883712027,0.479450545106601
23,0.138304490322907,0.471919158851876,0.389776350825217
24,0.616758127848208,0.296217277431291,0.0870245947205017
25,0.18758723186006,0.676524282521835,0.135888485618105
26,0.188798833027769,0.564760048742873,0.246441118229358
27,0.121535381828075,0.536270063804114,0.342194554367811
28,0.464592431731468,0.321456682645101,0.213950885623431
29,0.676342392500896,0.264169180997113,0.0594884265019911
30,0.240146572474869,0.527995212952819,0.231858214572312
31,0.0454383164549003,0.28583207176614,0.66872961177896
32,0.250236305689088,0.48969670726777,0.260066987043142
33,0.109975303028919,0.251851252289607,0.638173444681474
34,0.247568154438184,0.303335293428327,0.449096552133489
35,0.180171522385311,0.544876072274261,0.274952405340427
36,0.318075412562061,0.406524660452438,0.275399926985501
37,0.65817305783752,0.300182312585383,0.0416446295770968
38,0.733013493493474,0.182384311900571,0.0846021946059552
39,0.160043541883066,0.315987818846749,0.523968639270185
40,0.387479525456503,0.409938437611159,0.202582036932338
41,0.546656216918024,0.39683822199451,0.0565055610874657
42,0.183366211741774,0.553383792832304,0.263249995425922
43,0.92762295590802,0.054594235663116,0.017782808428864
44,0.0832631696819118,0.248475387076858,0.66826144324123
45,0.271863721797829,0.59400123284994,0.134135045352231
46,0.664543978270612,0.189267870391645,0.146188151337743
47,0.332121345319086,0.533524476630311,0.134354178050603
48,0.0975319163451139,0.167174917518595,0.735293166136291
49,0.123244337994484,0.351368911024732,0.525386750980785
50,0.149322665150158,0.610605909228565,0.240071425621277
51,0.123637881410434,0.477591726646672,0.398770391942894
52,0.0525055376416806,0.64386887947721,0.30362558288111
53,0.229518113653364,0.443133603973746,0.32734828237289
54,0.339502321210062,0.414367288003751,0.246130390786187
55,0.546348488219599,0.380111474287119,0.0735400374932814
56,0.115618549117246,0.367891494475292,0.516489956407462
57,0.331490029574061,0.569142709664935,0.099367260761004
58,0.0928975722916625,0.340715684145532,0.566386743562805
59,0.253429166386812,0.557199001037227,0.189371832575961
60,0.931377259320615,0.047269387181512,0.0213533534978728
61,0.235812856305337,0.429388602333469,0.334798541361194
62,0.292622183240938,0.516677574144164,0.190700242614898
63,0.320928155352979,0.347732456795267,0.331339387851754
64,0.57154924867009,0.254184814344523,0.174265936985387
65,0.2635569358074,0.438420028840151,0.298023035352449
66,0.244459819358379,0.659440572111217,0.0960996085304044
67,0.332499314682434,0.540016525643565,0.127484159674001
68,0.227610708853905,0.423389409076226,0.348999882069869
69,0.121804798012816,0.444078406129389,0.434116795857795
70,0.348909277945747,0.409978469511416,0.241112252542838
71,0.194411925402236,0.376964468240201,0.428623606357562
72,0.242177144386126,0.611581218188776,0.146241637425098
73,0.934655150592578,0.0484132494547837,0.0169315999526388
74,0.0996166513720269,0.439084141763215,0.461299206864758
75,0.812307477324816,0.150842335555182,0.0368501871200021
76,0.418695845135019,0.358412602664475,0.222891552200506
77,0.0517670099658766,0.285320938405936,0.662912051628188
78,0.1680205457915,0.707113185931057,0.124866268277443
79,0.949731888181529,0.0356375949329072,0.0146305168855642
80,0.245726015419264,0.578206150409012,0.176067834171724
81,0.515501008075104,0.298873083734931,0.185625908189965
82,0.320928155352979,0.347732456795267,0.331339387851754
83,0.65268614428486,0.257359247906272,0.0899546078088675
84,0.469613362034776,0.418872017270844,0.111514620694381
85,0.562631096563786,0.339267212340795,0.0981016910954187
86,0.797515539457805,0.169854988368866,0.0326294721733291
87,0.222760496358541,0.448592149207434,0.328647354434025
88,0.0966858298991785,0.340710586104022,0.5626035839968
89,0.153844887128121,0.569473017221956,0.276682095649922
90,0.528844182757193,0.299511028982527,0.17164478826028
91,0.117700973463898,0.349466529477638,0.532832497058464
92,0.168095347059086,0.302143524481608,0.529761128459307
93,0.187701483596932,0.50466315607506,0.307635360328008
94,0.190082218701015,0.527648198966569,0.282269582332416
95,0.295045674992924,0.562049400498729,0.142904924508348
96,0.749395696464337,0.188028124918251,0.0625761786174119
97,0.136132036778762,0.438062153499962,0.425805809721276
98,0.736017400034117,0.195236150171108,0.0687464497947748
99,0.26476868895712,0.503043480184397,0.232187830858483
100,0.323299921609326,0.306403209551916,0.370296868838758
101,0.0995668106174285,0.366180995922503,0.534252193460069
102,0.19861816013011,0.536851780011511,0.264530059858379
103,0.59234948135805,0.286146777154266,0.121503741487683
104,0.821714051673919,0.144098097173766,0.034187851152315
105,0.636561985379659,0.28297526961553,0.0804627450048101
106,0.530200504112626,0.375592352209871,0.0942071436775028
107,0.0738416384084846,0.428426992673042,0.497731368918473
108,0.82954628781074,0.119473602501427,0.0509801096878329
109,0.272594898070157,0.494151494294054,0.233253607635789
110,0.176328369432968,0.386553128338165,0.437118502228868
111,0.705967736860034,0.229860104417533,0.0641721587224334
112,0.30501461277843,0.509773931140499,0.185211456081071
113,0.303813464091465,0.47208653412974,0.224100001778795
114,0.272692064341701,0.484002883983765,0.243305051674535
115,0.927503423098515,0.0486488539374727,0.0238477229640122
116,0.234801822419806,0.508075074331224,0.25712310324897
117,0.566863367190068,0.368104253351305,0.0650323794586274
118,0.283116122462995,0.485445103356928,0.231438774180077
119,0.133240936925158,0.154541744622576,0.712217318452266
120,0.673120671746282,0.270670225685263,0.0562091025684546
121,0.244003538736558,0.449540599577398,0.306455861686044
122,0.948801262486092,0.0351371381260171,0.0160615993878906
123,0.183483479018119,0.441129469151105,0.375387051830776
124,0.384612879288065,0.331522761890039,0.283864358821896
125,0.373937089352451,0.493652769732534,0.132410140915014
126,0.0912494084566194,0.159313235265688,0.749437356277693
127,0.0832012618722355,0.430391147370243,0.486407590757521
128,0.629114783736628,0.235251747284863,0.135633468978509
129,0.381624204763981,0.409891028643596,0.208484766592423
130,0.671832419205502,0.295886642534449,0.032280938260049
131,0.158862492512156,0.292976329168676,0.548161178319168
132,0.077914381607467,0.275167031966693,0.64691858642584
133,0.028750537319054,0.176948521490172,0.794300941190774
134,0.574739251516516,0.299741579566828,0.125519168916656
135,0.421168410864448,0.428791861777286,0.150039727358266
136,0.164781328345838,0.579190400889745,0.256028270764416
137,0.482688227151744,0.352938762542789,0.164373010305467
138,0.289474448925669,0.397758423427292,0.31276712764704
139,0.952901776752826,0.0292545631152617,0.0178436601319124
140,0.925881582149054,0.0532738943889978,0.020844523461948
141,0.238771467288059,0.512667508634292,0.248561024077648
142,0.587451761315801,0.37416003739802,0.0383882012861794
143,0.782647412035613,0.145767516461713,0.0715850715026739
144,0.481789325390946,0.342989349782578,0.175221324826476
145,0.398965150503345,0.478450001538173,0.122584847958482
146,0.723288445317782,0.219133378770603,0.0575781759116146
147,0.120537484755642,0.401616200470474,0.477846314773884
148,0.320928155352979,0.347732456795267,0.331339387851754
149,0.159405807567217,0.559550465922129,0.281043726510654
150,0.646329236007029,0.312929727041834,0.0407410369511375
151,0.122405788669973,0.249560253894301,0.628033957435726
152,0.909008485454499,0.072063689640047,0.0189278249054539
153,0.143013398339922,0.68087742893411,0.176109172725968
154,0.718445430511761,0.223390057040058,0.058164512448181
155,0.0879059446844336,0.355695359450853,0.556398695864714
156,0.251218024015511,0.461679792301046,0.287102183683443
157,0.956426277498507,0.0342304616548972,0.00934326084659562
158,0.542693018655372,0.294516710619198,0.16279027072543
159,0.541325543074387,0.279853124496306,0.178821332429308
160,0.343508154868728,0.365281713947675,0.291210131183598
161,0.297565577602585,0.46583854087552,0.236595881521895
162,0.679992560921588,0.259173997842367,0.0608334412360452
163,0.393032895623042,0.423768280270247,0.18319882410671
164,0.0674690469371954,0.126697956240786,0.805832996822019
165,0.778805210606963,0.16208385295488,0.0591109364381566
166,0.181826963648682,0.650878060218857,0.167294976132461
167,0.457816761309906,0.458993589658796,0.0831896490312981
168,0.108524889093997,0.298598487509769,0.592876623396234
169,0.121535381828075,0.536270063804114,0.342194554367811
170,0.933156363262827,0.0552615881345314,0.0115820486026413
171,0.290732858137832,0.497489628903059,0.211777512959109
172,0.414786711463348,0.453658208546692,0.131555079989961
173,0.29459665455782,0.545156417352458,0.160246928089722
174,0.201016725179702,0.415483872047035,0.383499402773263
175,0.0325609293550182,0.0829752146919177,0.884463855953064
176,0.0220534639526358,0.28457649431449,0.693370041732874
177,0.0409326793606055,0.161850947532822,0.797216373106572
178,0.309106224795249,0.515101566745559,0.175792208459192
179,0.318017948237089,0.475261087909212,0.2067209638537
180,0.333527401772174,0.421185579741551,0.245287018486276
181,0.602691017251844,0.347139251156996,0.0501697315911599
182,0.0292489152814504,0.326613951067887,0.644137133650662
183,0.19444333660497,0.520641726685206,0.284914936709824
184,0.117726740113077,0.666381831727237,0.215891428159686
185,0.0309868359039269,0.220414207572684,0.748598956523389
186,0.228970087186424,0.517429814166901,0.253600098646674
187,0.058048787601569,0.170268409061588,0.771682803336843
188,0.232020602775121,0.584045572232863,0.183933824992016
189,0.102721019751238,0.404855901927922,0.49242307832084
190,0.434356105573402,0.201506045115997,0.364137849310601
191,0.659146677707433,0.220112955166982,0.120740367125585
192,0.760102752942618,0.216761569439265,0.0231356776181165
193,0.539032510115151,0.290426852013294,0.170540637871555
194,0.251751295257268,0.488631562072343,0.25961714267039
195,0.76897793708013,0.195671917436732,0.0353501454831383
196,0.0567900514672686,0.423650906088494,0.519559042444237
197,0.0517097299073658,0.311348758926092,0.636941511166542
198,0.219799426850593,0.358214037581771,0.421986535567636
199,0.605052970529592,0.206624394982477,0.188322634487931
200,0.814491966260009,0.138827891043149,0.0466801426968418
201,0.506185769570858,0.392821087152266,0.100993143276876
202,0.339766982209001,0.471556414400534,0.188676603390465
203,0.13539731636677,0.559252219782379,0.305350463850851
204,0.705370540063968,0.259248442121146,0.0353810178148866
205,0.189758060398009,0.446975461952265,0.363266477649726
206,0.278024485166524,0.41912431383831,0.302851200995166
207,0.153263414064843,0.4651955545224,0.381541031412758
208,0.262884555169081,0.370533766543909,0.36658167828701
209,0.915946261166518,0.0622825564486155,0.0217711823848666
210,0.425731203953698,0.500316041007618,0.0739527550386842
211,0.270297223069321,0.386279311107715,0.343423465822964
212,0.660744700834569,0.253877383107236,0.0853779160581954
213,0.557356538976128,0.227487157807323,0.215156303216549
214,0.192093630699384,0.454811825053967,0.353094544246649
215,0.142657247208098,0.450356830057442,0.40698592273446
216,0.114913645558202,0.606657665581665,0.278428688860133
217,0.201780280412707,0.638908597489704,0.15931112209759
218,0.505202458807405,0.337723095304829,0.157074445887766
219,0.443234392663573,0.31921191725685,0.237553690079578
220,0.783116326678895,0.181072034517012,0.0358116388040925
221,0.380052842125309,0.299692683652159,0.320254474222533
222,0.125723874141004,0.281901786615978,0.592374339243018
223,0.875947798101423,0.0868628087868688,0.037189393111708
224,0.198906653517704,0.51767283307973,0.283420513402566
225,0.123223859106754,0.165104190961903,0.711671949931343
226,0.383277870171027,0.416496842880068,0.200225286948905
227,0.502105126671179,0.233404632781294,0.264490240547527
228,0.431394482368308,0.399087928381723,0.169517589249969
229,0.147207446429775,0.616682095644696,0.23611045792553
230,0.477759112390757,0.418634951913019,0.103605935696225
231,0.357584406426462,0.445294235687576,0.197121357885962
232,0.0501599713479784,0.178235686113718,0.771604342538304
233,0.113847292168575,0.424765801788273,0.461386906043152
234,0.459170143469701,0.472156037911892,0.0686738186184061
235,0.365750297350155,0.427732571527747,0.206517131122098
236,0.180046891711203,0.370163648363458,0.449789459925338
237,0.150564719578835,0.281886753629517,0.567548526791648
238,0.267329281211077,0.463208864916025,0.269461853872899
239,0.873548461153175,0.0942723271077151,0.0321792117391096
240,0.446625830440032,0.287691485520908,0.26568268403906
241,0.232750337772524,0.448496535283337,0.318753126944139
242,0.33191417788078,0.548457334555526,0.119628487563694
243,0.0478589996903453,0.458493671879951,0.493647328429704
244,0.502568715155193,0.325519214900358,0.171912069944449
245,0.194808926231929,0.284197001061676,0.520994072706394
246,0.320120421602687,0.42333195160193,0.256547626795383
247,0.348333974688941,0.441040254342597,0.210625770968461
248,0.226285171644571,0.491228594063178,0.282486234292251
249,0.988792644625503,0.00893626353843768,0.00227109183605945
250,0.40265565386333,0.449032966455118,0.148311379681552
251,0.0510476410456764,0.402488895643325,0.546463463310999
252,0.0714047456861881,0.191205308673508,0.737389945640304
253,0.499007568583508,0.305378723911506,0.195613707504987
254,0.254630040347153,0.353052385734298,0.392317573918549
255,0.171545771685434,0.377547808384971,0.450906419929595
256,0.288459913516121,0.579650075567506,0.131890010916372
257,0.169720440425576,0.6288236663173,0.201455893257124
258,0.702348604364341,0.247063317532798,0.0505880781028615
259,0.184525825102213,0.621844797078732,0.193629377819055
260,0.188512572377456,0.59818717845876,0.213300249163784
261,0.0903020125809837,0.359913585243473,0.549784402175543
262,0.107931402928622,0.138514337252863,0.753554259818515
263,0.47827660799899,0.463553589603248,0.0581698023977616
264,0.0977596735857666,0.542303848016515,0.359936478397719
265,0.493361133199959,0.396088797822796,0.110550068977245
266,0.484832328966133,0.460528974186771,0.0546386968470964
267,0.536071166903604,0.328983129296939,0.134945703799457
268,0.2204140824201,0.515474436149385,0.264111481430516
269,0.821270297610844,0.115035069627147,0.0636946327620084
270,0.74117562970189,0.15247888307194,0.10634548722617
271,0.511839122001611,0.403784775647087,0.0843761023513016
272,0.64780274697585,0.211970711755096,0.140226541269055
273,0.631917092598901,0.275116594435219,0.0929663129658804
274,0.19904111226226,0.366746119734917,0.434212768002822
275,0.100708049044123,0.392350598179856,0.506941352776021
276,0.181145554118755,0.522015910401438,0.296838535479807
277,0.0945603430237717,0.383303851642627,0.522135805333601
278,0.144406161676628,0.439990296472138,0.415603541851234
279,0.0556731506520375,0.329103642283587,0.615223207064375
280,0.650134608138113,0.290160831356718,0.0597045605051685
281,0.255295484161604,0.542631498993084,0.202073016845312
282,0.683439048432248,0.22857363962647,0.0879873119412819
283,0.93838499844845,0.0485190703969743,0.0130959311545754
284,0.860017905608599,0.0856726130297436,0.0543094813616571
285,0.237022763542565,0.285180154753785,0.47779708170365
286,0.134871008525193,0.582110953198635,0.283018038276172
287,0.42202240338255,0.283312720293839,0.294664876323611
288,0.0770955699456047,0.342868013766011,0.580036416288384
289,0.0459978542239867,0.0713111119133408,0.882691033862672
290,0.13386472098195,0.316730217481297,0.549405061536754
291,0.342241577838154,0.407834102456773,0.249924319705073
292,0.15580125695215,0.339166361839004,0.505032381208846
293,0.166739139520543,0.371571251151322,0.461689609328135
294,0.866828819096124,0.110698515670795,0.0224726652330812
295,0.509680647660972,0.374175304561846,0.116144047777182
296,0.424501895051157,0.355296337347304,0.220201767601539
297,0.344121884553848,0.50139028746648,0.154487827979673
298,0.0611292762330803,0.171768319838393,0.767102403928527
299,0.109600833208406,0.343594124140902,0.546805042650691
300,0.428749707091771,0.467892775632982,0.103357517275247
301,0.0295542905424045,0.149779895820284,0.820665813637311
302,0.310485200873229,0.471785786783896,0.217729012342875
303,0.150429155319221,0.676395598858227,0.173175245822552
304,0.413255491501139,0.423407238044312,0.163337270454549
305,0.754904337079505,0.181210105384126,0.063885557536369
306,0.185752350233914,0.542358052203404,0.271889597562681
307,0.132953508512084,0.412347342106897,0.454699149381018
308,0.486773768625339,0.414462042739753,0.0987641886349074
309,0.448318363490492,0.42168279650368,0.129998840005829
310,0.174136696644511,0.370340398312827,0.455522905042662
311,0.312594666262101,0.563299542556705,0.124105791181194
312,0.553231368652267,0.335839671865023,0.11092895948271
313,0.339971130961654,0.407746956260404,0.252281912777941
314,0.113020550900568,0.484807952093653,0.402171497005779
315,0.0838485737955569,0.243607529240672,0.672543896963771
316,0.242892162141529,0.51843836528755,0.238669472570921
317,0.327090119349829,0.523055306080228,0.149854574569943
318,0.591470793202783,0.246957479918906,0.161571726878311
319,0.099505218802449,0.578233023818014,0.322261757379537
320,0.588572493071051,0.306363269984547,0.105064236944402
321,0.0260672352209803,0.0859513947987,0.88798136998032
322,0.242988089275706,0.438880643460892,0.318131267263402
323,0.0996044140567324,0.318963877331077,0.581431708612191
324,0.833284826993098,0.129796031648157,0.0369191413587454
325,0.179898804158783,0.41341861081858,0.406682585022637
326,0.184048399473923,0.464959381927609,0.350992218598468
327,0.367087241856373,0.486089184274115,0.146823573869512
328,0.0590287606384691,0.36931284564417,0.571658393717361
329,0.602460583441861,0.332484559564789,0.0650548569933501
330,0.66834511316831,0.227970720972013,0.103684165859677
331,0.0292489152814504,0.326613951067887,0.644137133650662
332,0.52556889976925,0.274799821825299,0.199631278405451
333,0.0910426804130012,0.263254726923883,0.645702592663116
334,0.375803195592968,0.579053762228638,0.0451430421783937
335,0.0160207549960001,0.10553350905877,0.87844573594523
336,0.190032404090141,0.595069349169455,0.214898246740404
337,0.176227293128313,0.566319076873513,0.257453629998174
338,0.148202948063232,0.50379542240868,0.348001629528088
339,0.430139773938844,0.426814705972961,0.143045520088196
340,0.871963853550323,0.0941427963878717,0.0338933500618051
341,0.48460866155592,0.367493313004488,0.147898025439592
342,0.685876355530444,0.240703771450328,0.0734198730192285
343,0.280310231031932,0.534150223346778,0.18553954562129
344,0.171748087912083,0.671868939027015,0.156382973060902
345,0.0325053525548444,0.185374892344913,0.782119755100243
346,0.311982551981755,0.543895918638141,0.144121529380104
347,0.507231291979106,0.333718719796451,0.159049988224443
348,0.419097857729146,0.385896418430318,0.195005723840536
349,0.475526800662995,0.396114250750058,0.128358948586946
350,0.25417918613183,0.416938470913443,0.328882342954727
351,0.451312504237674,0.438424588533532,0.110262907228794
352,0.476095572569442,0.40534544289546,0.118558984535097
353,0.127271383190432,0.247261681467512,0.625466935342056
354,0.0999923357859442,0.104884788051662,0.795122876162394
355,0.834802763170481,0.132885179101779,0.0323120577277396
356,0.13716808610198,0.309581374516084,0.553250539381935
357,0.0663153317406674,0.236922918548386,0.696761749710946
358,0.19553279842125,0.571642686927864,0.232824514650886
359,0.793523131721403,0.152832289459516,0.0536445788190814
360,0.437462291780958,0.366677424169822,0.195860284049219
361,0.0162715907715061,0.11572022548329,0.868008183745204
362,0.216744360202905,0.35559398106653,0.427661658730565
363,0.37863855829382,0.297119396398387,0.324242045307793
364,0.906956365916425,0.072561715828844,0.0204819182547309
365,0.308447920766262,0.386498186837675,0.305053892396062
366,0.0544258565939381,0.251451462552069,0.694122680853993
367,0.301123198990739,0.304851094122778,0.394025706886482
368,0.525992739932054,0.377783890686314,0.0962233693816319
369,0.278194326259006,0.402157170338763,0.319648503402231
370,0.366718293542981,0.399843413635344,0.233438292821674
371,0.119395347176183,0.192395894831389,0.688208757992428
372,0.42566363484766,0.312258656554059,0.262077708598281
373,0.519006237831781,0.381385621825211,0.099608140343008
374,0.307801741331784,0.586343013489712,0.105855245178503
375,0.848450533819656,0.122890836768718,0.0286586294116266
376,0.134683002796836,0.472380771898588,0.392936225304576
377,0.557707151279567,0.348744655595828,0.0935481931246049
378,0.198347718940153,0.465973177962651,0.335679103097196
379,0.360334757113174,0.396312759192855,0.243352483693971
380,0.114215970503241,0.449697237962618,0.43608679153414
381,0.973776788369452,0.0212744719065465,0.00494873972400117
382,0.415831689134367,0.336613800529881,0.247554510335751
383,0.152952335404788,0.55390486141385,0.293142803181362
384,0.862714490156551,0.0943009598126845,0.0429845500307645
385,0.856585971414665,0.101730532314958,0.0416834962703775
386,0.288597344737647,0.516566462748426,0.194836192513928
387,0.28884256825407,0.476839163017669,0.234318268728261
388,0.448270188943829,0.345005832782341,0.20672397827383
389,0.235306306770856,0.581654906569699,0.183038786659446
390,0.073059113397263,0.274587674753363,0.652353211849374
391,0.265492688640239,0.461129246160032,0.273378065199729
392,0.319510929251414,0.542249862141912,0.138239208606674
393,0.695035200293831,0.254560767930266,0.0504040317759029
394,0.712779343478778,0.223714918150741,0.0635057383704809
395,0.349417246095088,0.556626152535684,0.0939566013692282
396,0.119873763724188,0.345820365959553,0.534305870316259
397,0.106662713910463,0.414688892826835,0.478648393262702
398,0.400851157692695,0.383080130454582,0.216068711852723
399,0.230848149769095,0.550648889146813,0.218502961084092
400,0.872131072136317,0.104394197684429,0.023474730179254
401,0.465248994070425,0.313281083550257,0.221469922379319
402,0.523621551562267,0.406126230482305,0.0702522179554283
403,0.178883659782342,0.340989390832681,0.480126949384977
404,0.701367667811838,0.211678022630862,0.0869543095573002
405,0.103521403978587,0.423752541933163,0.47272605408825
406,0.116509180734534,0.766398295709697,0.117092523555768
407,0.945355858444787,0.0418430750479731,0.0128010665072401
408,0.876751551185499,0.106186655591853,0.0170617932226484
409,0.270020217127242,0.429525862890682,0.300453919982075
410,0.106776093925216,0.484071065939299,0.409152840135485
411,0.265608840875949,0.446614222154661,0.287776936969391
412,0.592431556999007,0.251301673457742,0.156266769543251
413,0.120574740557629,0.168159061340279,0.711266198102092
414,0.747607811829628,0.208239415615455,0.044152772554917
415,0.751348769596039,0.210568787260043,0.0380824431439176
416,0.46945670373384,0.330338101982611,0.200205194283549
417,0.340999492082519,0.392842638905563,0.266157869011918
418,0.490502571495437,0.387093300711109,0.122404127793454
419,0.43366820003464,0.354827775351617,0.211504024613744
420,0.0853701900567234,0.331393564587287,0.583236245355989
421,0.429318076830733,0.450003441120778,0.120678482048489
422,0.615790034889215,0.276162823125673,0.108047141985111
423,0.402079685151454,0.382043752034922,0.215876562813624
424,0.281770048529335,0.193225446310583,0.525004505160083
425,0.547095342545578,0.304001921458195,0.148902735996226
426,0.500688067943572,0.241328995168396,0.257982936888032
427,0.102400168871623,0.364476008019987,0.53312382310839
428,0.27432402354563,0.467714683773559,0.257961292680811
429,0.0265800568019087,0.132349966853622,0.841069976344469
430,0.679423843683057,0.242114762840251,0.0784613934766925
431,0.809005484709826,0.133145250103242,0.0578492651869322
432,0.728019186709438,0.205153565328588,0.0668272479619735
433,0.384063075195966,0.367216258270948,0.248720666533085
434,0.0716598209264821,0.123443159581671,0.804897019491847
435,0.91419920100273,0.0607030786629183,0.0250977203343521
436,0.518422979193932,0.21229556649734,0.269281454308728
437,0.144878310710826,0.462092966293433,0.393028722995741
438,0.231032362325159,0.480055202187874,0.288912435486967
439,0.27428919772271,0.461515065158443,0.264195737118847
440,0.181785356239288,0.473941329111098,0.344273314649613
441,0.15580125695215,0.339166361839004,0.505032381208846
442,0.321060825865117,0.367266316126166,0.311672858008716
443,0.395745782029305,0.500781148203221,0.103473069767473
444,0.399424335972248,0.409968443808867,0.190607220218885
445,0.818618590787994,0.120925594148265,0.0604558150637408
446,0.0344686742827323,0.249626393777624,0.715904931939643
447,0.440914467679827,0.467629132535798,0.0914563997843749
448,0.537661251420716,0.327509128197563,0.134829620381722
449,0.410770559426721,0.415831540719856,0.173397899853424
450,0.222168884171254,0.553364460090885,0.224466655737861
451,0.346128298860864,0.464118305449948,0.189753395689188
452,0.457406912739238,0.38703923997989,0.155553847280872
453,0.570642571112098,0.343923054666409,0.0854343742214931
454,0.205578554599391,0.584389179997184,0.210032265403425
455,0.837430276656531,0.143405730239982,0.0191639931034875
456,0.703367022934819,0.206917722046864,0.0897152550183168
457,0.110564394474928,0.178460906818519,0.710974698706552
458,0.487283118803275,0.422375362417281,0.0903415187794435
459,0.538429911504167,0.381260253661151,0.0803098348346826
460,0.028750537319054,0.176948521490172,0.794300941190774
461,0.213293326347485,0.590797934335495,0.19590873931702
462,0.437658131824053,0.312858130501591,0.249483737674355
463,0.379790582626974,0.30771697708502,0.312492440288006
464,0.846041106965313,0.116118639970458,0.0378402530642297
465,0.161643366908788,0.511501615833123,0.326855017258088
466,0.239798641829351,0.52628650784143,0.233914850329219
467,0.284505488265733,0.403349937498393,0.312144574235874
468,0.13759467718722,0.608494304620063,0.253911018192717
469,0.0473359268885362,0.135599782314969,0.817064290796495
470,0.0981492861470098,0.324149359274854,0.577701354578136
471,0.572869354035375,0.332709735957516,0.0944209100071097
472,0.21470608026018,0.50200824688191,0.28328567285791
473,0.0471276656213461,0.46676843794057,0.486103896438084
474,0.340957431542898,0.450446221855896,0.208596346601206
475,0.85899083143223,0.113498148687082,0.0275110198806886
476,0.275349761473724,0.302560938757897,0.422089299768379
477,0.50483944817408,0.404482394152727,0.0906781576731933
478,0.0851749957500597,0.417811525148496,0.497013479101444
479,0.512032110035886,0.296568638252838,0.191399251711275
480,0.266536958118796,0.621826232884361,0.111636808996843
481,0.870790206662999,0.0980857801212711,0.0311240132157302
482,0.130713140664983,0.528555443139187,0.34073141619583
483,0.676204220422638,0.271903469294179,0.0518923102831826
484,0.134383561867187,0.37849308189792,0.487123356234894
485,0.271336966653635,0.395327857956671,0.333335175389694
486,0.239777964154295,0.350775807566784,0.409446228278921
487,0.371412985904275,0.444657243449224,0.1839297706465
488,0.181061565011043,0.602804344360973,0.216134090627984
489,0.167695063728939,0.45666860212819,0.375636334142871
490,0.557096038461245,0.381227317508792,0.0616766440299627
491,0.340514710920742,0.492399087463412,0.167086201615846
492,0.830803893217322,0.115761436148737,0.0534346706339413
493,0.327763034281746,0.421500894079718,0.250736071638536
494,0.18943558251884,0.434396457612102,0.376167959869058
495,0.173695813580613,0.491135717099933,0.335168469319455
496,0.526136460647421,0.308507973762754,0.165355565589825
497,0.576670492334907,0.333986604306731,0.0893429033583621
498,0.329358128181748,0.359055136503407,0.311586735314845
499,0.610981368728817,0.309491183657707,0.0795274476134752
500,0.722545242360027,0.20137027814259,0.076084479497383
501,0.166404315877598,0.353896659205597,0.479699024916805
502,0.0344931724485026,0.153465061814064,0.812041765737434
503,0.0810393410916512,0.0992843889155059,0.819676269992843
504,0.565772776480971,0.299665953594644,0.134561269924385
505,0.227652726810576,0.542556540411026,0.229790732778398
506,0.0816534924886394,0.198238667869142,0.720107839642219
507,0.694796922918231,0.241595043641086,0.0636080334406826
508,0.131498949372626,0.366314591350726,0.502186459276648
509,0.0674690469371954,0.126697956240786,0.805832996822019
510,0.665175984607772,0.268734404827977,0.066089610564251
511,0.0483547460997816,0.0911888997115784,0.86045635418864
512,0.107376451535432,0.260767756427219,0.631855792037349
513,0.300008256607128,0.402854263832418,0.297137479560454
514,0.317543338388421,0.550658136160675,0.131798525450903
515,0.131120382184037,0.402770638804729,0.466108979011234
516,0.459170143469701,0.472156037911892,0.0686738186184061
517,0.70722053867459,0.22608846777274,0.0666909935526703
518,0.21462582860735,0.348537500683923,0.436836670708728
519,0.96215213573595,0.029979521612374,0.00786834265167572
520,0.269765861318897,0.501157512327502,0.229076626353601
521,0.178153208391895,0.34250012866457,0.479346662943535
522,0.416447106036201,0.478401841223998,0.105151052739801
523,0.708839990640193,0.230425660011869,0.0607343493479386
524,0.261475743071137,0.418907617523244,0.31961663940562
525,0.899566159112873,0.0809235248665077,0.0195103160206197
526,0.547984206965317,0.320255708439184,0.131760084595498
527,0.24684496649602,0.466174240125031,0.286980793378949
528,0.0783385165159187,0.241165872322967,0.680495611161114
529,0.118489956973476,0.405564618016501,0.475945425010023
530,0.955333010294248,0.0326797656809315,0.0119872240248204
531,0.130752113101008,0.570190889753588,0.299056997145404
532,0.160628887879225,0.407698479016172,0.431672633104603
533,0.152261119257868,0.586217857748519,0.261521022993613
534,0.287127322120971,0.501227206109239,0.21164547176979
535,0.058140372734274,0.253112508361958,0.688747118903768
536,0.423213460743133,0.344572747833119,0.232213791423749
537,0.657009253186302,0.2424013820157,0.100589364797998
538,0.329303085256867,0.501127324071474,0.169569590671659
539,0.899681809628946,0.0775009078928814,0.0228172824781722
540,0.628113986697028,0.217638629136196,0.154247384166775
541,0.13756251069785,0.418795758304969,0.443641730997182
542,0.350910424537516,0.399496501142339,0.249593074320145
543,0.308556736642081,0.505187422970823,0.186255840387096
544,0.130392852756182,0.487669854997584,0.381937292246234
545,0.0446388424259295,0.533804893473403,0.421556264100668
546,0.593009736280661,0.292330958205309,0.11465930551403
547,0.57626187377094,0.348618128219729,0.0751199980093303
548,0.822312944935543,0.140497514624141,0.0371895404403162
549,0.711163629495769,0.254202052189983,0.0346343183142488
550,0.0874632025213323,0.322003996218593,0.590532801260075
551,0.191692673069585,0.364309458746986,0.443997868183429
552,0.28638134439443,0.58679911156495,0.12681954404062
553,0.398038259954326,0.509274215452248,0.0926875245934254
554,0.59758091248348,0.275655582359454,0.126763505157065
555,0.0441808382948128,0.106425071080062,0.849394090625125
556,0.239485852806411,0.596272015177128,0.164242132016461
557,0.339651672978733,0.498015986760294,0.162332340260973
558,0.197658002253707,0.491299950054131,0.311042047692161
559,0.791232012463617,0.18195671475677,0.0268112727796132
560,0.600278563330465,0.271253460952121,0.128467975717414
561,0.183506197378062,0.683045550811868,0.13344825181007
562,0.161894354065043,0.349068963177852,0.489036682757106
563,0.900217642363713,0.0787065912868213,0.0210757663494661
564,0.147978120698859,0.405723920915494,0.446297958385646
565,0.126918707641553,0.611836073189758,0.26124521916869
566,0.374704378725634,0.364217353365236,0.261078267909129
567,0.117646683005834,0.528664721935947,0.35368859505822
568,0.190107324926592,0.498348639641321,0.311544035432086
569,0.121189805813479,0.434218380735297,0.444591813451225
570,0.891468424844205,0.0772065518835555,0.0313250232722395
571,0.549375004074324,0.394270579555786,0.0563544163698894
572,0.276527210689861,0.534132339328702,0.189340449981437
573,0.181235461090561,0.614537469855469,0.204227069053969
574,0.228562956575709,0.484573206355695,0.286863837068596
575,0.501901183712924,0.426120308453862,0.0719785078332141
576,0.12460773151515,0.463465236409177,0.411927032075673
577,0.809421767388422,0.1587932542319,0.031784978379678
578,0.0755338549097957,0.409250844595021,0.515215300495183
579,0.963795639007595,0.0286747900647654,0.00752957092763921
580,0.417774801738564,0.373994107536266,0.20823109072517
581,0.438283181129919,0.451856355584136,0.109860463285944
582,0.396182483043165,0.524971628352772,0.0788458886040624
583,0.541010483898584,0.269642200835949,0.189347315265468
584,0.162140195567324,0.475460980244333,0.362398824188343
585,0.200521750792606,0.505456631580339,0.294021617627056
586,0.726796309869785,0.24794557612688,0.0252581140033353
587,0.541576372301623,0.336057622343933,0.122366005354444
588,0.104440398678443,0.423984183907689,0.471575417413867
589,0.627294416994533,0.189270026691586,0.18343555631388
590,0.799797309235155,0.181737135590516,0.0184655551743292
591,0.144520503600673,0.476797317440763,0.378682178958563
592,0.251492696939703,0.49599943999419,0.252507863066107
593,0.363386433139852,0.541511395969045,0.0951021708911027
594,0.13602401833258,0.275438046370418,0.588537935297002
595,0.301186310542403,0.623102375264943,0.0757113141926536
596,0.158979345763513,0.468488942544505,0.372531711691983
597,0.157648456740355,0.347146622577162,0.495204920682482
598,0.178435622619498,0.514155985077396,0.307408392303106
599,0.361524824776663,0.524596348435711,0.113878826787626
600,0.856535242467267,0.114715744428289,0.0287490131044444
601,0.922220161583003,0.0547454815268743,0.0230343568901223
602,0.330559554745917,0.485646236770711,0.183794208483371
603,0.131835729413685,0.424723389647672,0.443440880938643
604,0.259886343547196,0.490467932722596,0.249645723730208
605,0.0432295860523479,0.552156887443506,0.404613526504146
606,0.145036068031731,0.527362783152351,0.327601148815918
607,0.433585193240893,0.101556877621224,0.464857929137882
608,0.0865028860239752,0.438982521132542,0.474514592843482
609,0.107376451535432,0.260767756427219,0.631855792037349
610,0.00973547457748925,0.0377227367342497,0.952541788688261
611,0.942767582522034,0.0414432343885299,0.0157891830894361
612,0.710059255627232,0.193754278194761,0.0961864661780069
613,0.493404272242107,0.414332574220813,0.0922631535370797
614,0.384188854901329,0.411773221108335,0.204037923990335
615,0.321881266022683,0.409343428423896,0.268775305553421
616,0.382590017799326,0.497517426725198,0.119892555475476
617,0.0537395098544596,0.489192877090272,0.457067613055268
618,0.857803189216205,0.10447846339682,0.0377183473869747
619,0.185986264910838,0.624829630698121,0.189184104391041
620,0.223619811404738,0.469241605409878,0.307138583185384
621,0.202502225026407,0.374969448107942,0.42252832686565
622,0.950943532764209,0.0298943336263752,0.0191621336094158
623,0.0250058041398659,0.156248194883019,0.818746000977115
624,0.851540876333285,0.0999744751678616,0.0484846484988531
625,0.373164693938642,0.543931392851714,0.0829039132096446
626,0.106970938057735,0.206747584450093,0.686281477492172
627,0.0683115667304037,0.247769685578987,0.68391874769061
628,0.510527117289511,0.380699802202574,0.108773080507915
629,0.900066870249901,0.0795544671570872,0.0203786625930114
630,0.828735599135485,0.144275237123302,0.0269891637412133
631,0.0473863626168097,0.451037437388006,0.501576199995184
632,0.260359972737599,0.452841753681173,0.286798273581228
633,0.0868749578774038,0.263306681857582,0.649818360265014
634,0.427546964895384,0.505091091116416,0.0673619439882003
635,0.103519664836619,0.434872758358691,0.461607576804691
636,0.604327676349603,0.345429722514664,0.0502426011357329
637,0.206621922865789,0.408556172328478,0.384821904805733
638,0.226083638771208,0.625302054914868,0.148614306313924
639,0.239379950042434,0.587670482190683,0.172949567766884
640,0.797133796256994,0.160651448760183,0.0422147549828234
641,0.162237069513025,0.536139199814594,0.30162373067238
642,0.757420909641891,0.200908210249002,0.0416708801091072
643,0.270706087450196,0.434731218190847,0.294562694358957
644,0.43597265080782,0.398563218583842,0.165464130608338
645,0.87976214500163,0.0947983313048407,0.0254395236935299
646,0.22060647863628,0.629185132171858,0.150208389191862
647,0.134764746945323,0.444950677904197,0.42028457515048
648,0.909825944993084,0.0668142273737127,0.0233598276332031
649,0.262913155418948,0.414455596650098,0.322631247930954
650,0.494837685226263,0.39761142776452,0.107550887009217
651,0.337093709239731,0.357026227597047,0.305880063163221
652,0.939322989792934,0.0503687733284465,0.0103082368786198
653,0.179811599650806,0.262146413923108,0.558041986426086
654,0.595456957033751,0.275888522001583,0.128654520964666
655,0.345993408442848,0.511429866232546,0.142576725324606
656,0.75100705946864,0.20650925086803,0.0424836896633303
657,0.432976083060803,0.0935916921522304,0.473432224786966
658,0.111615912156706,0.47086809791776,0.417515989925534
659,0.632801096681326,0.231403480066052,0.135795423252621
660,0.0567959415422472,0.374224900399255,0.568979158058498
661,0.539501852755353,0.381208349423863,0.0792897978207841
662,0.873955247507189,0.0912747569906192,0.0347699955021921
663,0.91964478532545,0.0586146656191823,0.0217405490553677
664,0.119860378826697,0.532588368657222,0.34755125251608
665,0.100031673030592,0.408786491518441,0.491181835450967
666,0.109706846155308,0.506186800610555,0.384106353234136
667,0.206667071371611,0.505668796751418,0.287664131876971
668,0.232489794062784,0.346475302268225,0.42103490366899
669,0.292825236144843,0.595979684186515,0.111195079668642
670,0.200302622863356,0.413798688117779,0.385898689018864
671,0.395669051488588,0.360292530018676,0.244038418492736
672,0.198776950251118,0.337523284915267,0.463699764833615
673,0.0608198736024436,0.395977765254188,0.543202361143368
674,0.842293119083561,0.112742521910425,0.0449643590060147
675,0.0242777745621597,0.195495451958772,0.780226773479068
676,0.513179662105595,0.306793911577222,0.180026426317183
677,0.892589049326548,0.0763603193090769,0.0310506313643755
