"ID","low","medium","high"
1,0.428587300553774,0.339653240141757,0.231759459304469
2,0.143137387347254,0.38959632638672,0.467266286266026
3,0.39646819687806,0.440051460199441,0.163480342922499
4,0.721021795626682,0.174745721695546,0.104232482677771
5,0.801998813745186,0.153785788792762,0.0442153974620523
6,0.15210287888764,0.398893954872161,0.449003166240198
7,0.796191916192093,0.161852082139408,0.041956001668499
8,0.691059454763499,0.17712905193885,0.131811493297652
9,0.0749275391567869,0.38830086530046,0.536771595542753
10,0.319977342264177,0.408994332280994,0.271028325454829
11,0.542561217167105,0.403854045263069,0.0535847375698256
12,0.740658697411125,0.185517725057336,0.073823577531539
13,0.202947292540676,0.350199895034095,0.446852812425229
14,0.258919358558565,0.520435927617881,0.220644713823553
15,0.44525900994432,0.438357456013911,0.116383534041769
16,0.52303031071566,0.368448179064773,0.108521510219568
17,0.127265224951139,0.289256538982008,0.583478236066853
18,0.259145914484609,0.543611631953717,0.197242453561674
19,0.265398670990372,0.451011210891124,0.283590118118505
20,0.110464858898922,0.405181913926498,0.48435322717458
21,0.398819078722579,0.377681465701957,0.223499455575464
22,0.137620600787748,0.38092540679103,0.481453992421221
23,0.121755565496469,0.540711603762546,0.337532830740985
24,0.669534037229843,0.211445906044498,0.119020056725659
25,0.222442282607375,0.673372327470239,0.104185389922386
26,0.176139524482499,0.633631314795177,0.190229160722324
27,0.0951098159784329,0.548886263854387,0.35600392016718
28,0.44191292685777,0.335280123424123,0.222806949718107
29,0.643230707593738,0.301115863546466,0.0556534288597961
30,0.200417485487433,0.547844795690735,0.251737718821831
31,0.0424030316197504,0.227977756013108,0.729619212367141
32,0.224162221350695,0.491537286033272,0.284300492616033
33,0.102272268326705,0.216212526930561,0.681515204742734
34,0.196995359340848,0.354299263623375,0.448705377035777
35,0.148109847617556,0.632841851768816,0.219048300613628
36,0.28326666744524,0.480434238474082,0.236299094080677
37,0.664347590551085,0.288841352115049,0.0468110573338653
38,0.721873345857136,0.190572674872604,0.0875539792702601
39,0.174903748899719,0.316988973181674,0.508107277918606
40,0.369521905732409,0.442875875421508,0.187602218846083
41,0.620112744400636,0.313536397750169,0.0663508578491951
42,0.189573284393888,0.528025694258972,0.28240102134714
43,0.941692205145618,0.0465844464106644,0.0117233484437179
44,0.0722604439527722,0.26140967699585,0.666329879051378
45,0.358061191208923,0.473622091347298,0.168316717443779
46,0.558858021822851,0.307951558104267,0.133190420072882
47,0.345113637890475,0.540720275516566,0.114166086592959
48,0.0819313061612317,0.103701027866458,0.81436766597231
49,0.11421439457028,0.411667553266692,0.474118052163028
50,0.190281864534101,0.572095240314042,0.237622895151857
51,0.171345984780508,0.44638438888627,0.382269626333222
52,0.0554362409476353,0.662048200805031,0.282515558247333
53,0.224613602194822,0.381071745475491,0.394314652329687
54,0.257483563279074,0.429091129469895,0.313425307251031
55,0.525656605959943,0.399915454663073,0.0744279393769832
56,0.10870035689851,0.382590126513702,0.508709516587788
57,0.414740551907548,0.471746306389778,0.113513141702674
58,0.0866520433512738,0.33510571566757,0.578242240981156
59,0.264266704804046,0.495219145028495,0.240514150167459
60,0.917157542291288,0.0547290267684233,0.0281134309402884
61,0.204672286785226,0.474786195329635,0.320541517885138
62,0.259222738058546,0.576044116172755,0.164733145768699
63,0.293088785343691,0.296730577133551,0.410180637522758
64,0.599754161566117,0.263437003103785,0.136808835330098
65,0.313216828949645,0.374219794769299,0.312563376281056
66,0.291002343514131,0.620700280127913,0.0882973763579564
67,0.355379139181101,0.528017218733762,0.116603642085136
68,0.22726149187623,0.344561657124118,0.428176850999652
69,0.133098668005611,0.351268030119756,0.515633301874633
70,0.402025251200377,0.370182531741275,0.227792217058348
71,0.155206425370441,0.508514071425229,0.33627950320433
72,0.280417140790758,0.5410609695515,0.178521889657742
73,0.942782928666618,0.0456615179434778,0.0115555533899041
74,0.200014007350543,0.325694389212702,0.474291603436754
75,0.827871635991289,0.136253525375128,0.0358748386335833
76,0.34505456652039,0.467267127244137,0.187678306235473
77,0.0462769438838884,0.263267119752689,0.690455936363423
78,0.27654442371111,0.589574370898343,0.133881205390547
79,0.962312874443743,0.0258746652418645,0.0118124603143921
80,0.26064250091156,0.548385932354909,0.190971566733531
81,0.534702723987935,0.321331477540095,0.14396579847197
82,0.293088785343691,0.296730577133551,0.410180637522758
83,0.64192746645017,0.248016923855918,0.110055609693912
84,0.4887380466571,0.391507065716624,0.119754887626276
85,0.448131702399164,0.427387601443449,0.124480696157388
86,0.774578215490784,0.190776568211463,0.0346452162977526
87,0.20411753332464,0.537944384548688,0.257938082126672
88,0.054823337310912,0.349033963742896,0.596142698946192
89,0.148599924594574,0.66621991865418,0.185180156751246
90,0.57661554883113,0.255989395181116,0.167395055987754
91,0.144392041895653,0.280133663402869,0.575474294701478
92,0.167980246415941,0.270925140503226,0.561094613080832
93,0.191863071460597,0.550109050872744,0.258027877666659
94,0.265727821178347,0.501216871046988,0.233055307774664
95,0.377243350145565,0.421604929510437,0.201151720343998
96,0.779021651834206,0.168120144226738,0.0528582039390565
97,0.155195828758482,0.487886951414829,0.356917219826689
98,0.738319206211281,0.200546149869406,0.061134643919313
99,0.25536918892746,0.504543769935023,0.240087041137517
100,0.312980112114496,0.355179273304181,0.331840614581323
101,0.117425889139558,0.292410684733388,0.590163426127055
102,0.16672085105373,0.508031421658456,0.325247727287814
103,0.565038826540177,0.315887818564145,0.119073354895678
104,0.771509536433888,0.182823297840556,0.0456671657255557
105,0.650470811658002,0.260346194537367,0.0891829938046308
106,0.491862639220781,0.424311582895356,0.0838257778838633
107,0.0570810025044252,0.410797759585921,0.532121237909654
108,0.822733549877173,0.135862365105729,0.0414040850170976
109,0.231382125012329,0.538752902652007,0.229864972335665
110,0.160782917515473,0.34645689688205,0.492760185602476
111,0.700551992844813,0.222776511745552,0.0766714954096353
112,0.249869739379422,0.559316203208702,0.190814057411876
113,0.370394199852127,0.450678491177952,0.178927308969921
114,0.3030683125051,0.470237667465756,0.226694020029144
115,0.896054073229115,0.0726885024386777,0.0312574243322069
116,0.304567226649953,0.48604838190625,0.209384391443798
117,0.612415288674487,0.307833101390876,0.0797516099346369
118,0.219390590553516,0.535839813749114,0.24476959569737
119,0.142559647793799,0.22170661568814,0.635733736518061
120,0.67862293122064,0.269601398711405,0.0517756700679545
121,0.227686732476997,0.471113796556587,0.301199470966417
122,0.96721363635578,0.0235870076139158,0.00919935603030395
123,0.165380657531188,0.48098605977762,0.353633282691192
124,0.328473904101728,0.363461768266043,0.308064327632228
125,0.639598619945014,0.277875766481794,0.082525613573192
126,0.0808471951711688,0.271481872961707,0.647670931867125
127,0.0731912926290907,0.493451314951073,0.433357392419836
128,0.460490643659671,0.353888410132325,0.185620946208004
129,0.327560456336539,0.484201753722156,0.188237789941305
130,0.778833589644656,0.19801864417067,0.0231477661846739
131,0.179119574441469,0.341163872320325,0.479716553238206
132,0.0740705861612857,0.286776536382856,0.639152877455858
133,0.0338386777132751,0.165898898546356,0.800262423740369
134,0.479499749248002,0.397563000979868,0.12293724977213
135,0.456479328935025,0.38416944065808,0.159351230406894
136,0.189891290100969,0.509137763037527,0.300970946861504
137,0.392647017151849,0.427758357354607,0.179594625493544
138,0.236032457325635,0.472667601295298,0.291299941379067
139,0.89906084244211,0.0499976322761355,0.0509415252817539
140,0.941849191257857,0.0437356829137677,0.014415125828375
141,0.343105085826755,0.43968785860845,0.217207055564795
142,0.573861740061582,0.36163865062249,0.0644996093159281
143,0.769829698470337,0.171215531744207,0.0589547697854568
144,0.486170551682287,0.314464166190176,0.199365282127537
145,0.369425072245064,0.49930080020916,0.131274127545776
146,0.751242104959664,0.199468601599418,0.0492892934409186
147,0.138434552086221,0.338557130903651,0.523008317010128
148,0.293088785343691,0.296730577133551,0.410180637522758
149,0.191194966365065,0.554860126607652,0.253944907027283
150,0.68746671637176,0.268051680606455,0.0444816030217845
151,0.21680716458278,0.361382749049911,0.421810086367309
152,0.880374175339951,0.0987883938422145,0.0208374308178349
153,0.186375157836737,0.65325831292527,0.160366529237993
154,0.668336551225095,0.267093865541978,0.0645695832329269
155,0.114849564414801,0.308637823973834,0.576512611611365
156,0.281701918346557,0.437275209944929,0.281022871708514
157,0.963836607918171,0.0282796099475759,0.00788378213425325
158,0.548099690878916,0.297764927506414,0.15413538161467
159,0.56991380551957,0.300486091885995,0.129600102594435
160,0.327626894081415,0.423823752441244,0.248549353477341
161,0.282888358484581,0.484967478552633,0.232144162962785
162,0.696220848022073,0.243265026639669,0.0605141253382581
163,0.449002780420349,0.40606018621358,0.144937033366071
164,0.0455716850157971,0.131985589555535,0.822442725428668
165,0.810520245620121,0.149327656256289,0.0401520981235893
166,0.208321761797879,0.549014993737357,0.242663244464764
167,0.550856675588946,0.343603032016911,0.105540292394143
168,0.175452690877737,0.198610923071219,0.625936386051044
169,0.0951098159784329,0.548886263854387,0.35600392016718
170,0.952815214505488,0.039635622761959,0.00754916273255329
171,0.299529913776988,0.483472918995595,0.216997167227417
172,0.378383405106421,0.46912044324507,0.152496151648509
173,0.385046096418143,0.44912564473278,0.165828258849077
174,0.256321292518062,0.441263245586235,0.302415461895703
175,0.0416743003757597,0.0966580339970209,0.861667665627219
176,0.0312333011387808,0.17698711213086,0.791779586730359
177,0.0425413150091935,0.184511507949297,0.772947177041509
178,0.243695570957543,0.624554896919142,0.131749532123316
179,0.262104099340243,0.527759935687664,0.210135964972094
180,0.298302680185145,0.464575050099502,0.237122269715353
181,0.572463204911127,0.356616687583216,0.0709201075056561
182,0.0303984615906772,0.34954177976845,0.620059758640873
183,0.166316611180215,0.563849482427964,0.269833906391821
184,0.150459973653835,0.649290625324031,0.200249401022134
185,0.0402405682447915,0.299223419442154,0.660536012313055
186,0.207844936740493,0.579622900002731,0.212532163256776
187,0.0810363926212354,0.229063958316092,0.689899649062673
188,0.261950833917368,0.596801528107937,0.141247637974695
189,0.073166845408607,0.341973892633622,0.584859261957771
190,0.465978971815516,0.207148130790086,0.326872897394398
191,0.694246545117667,0.192150011256604,0.113603443625729
192,0.819770194414801,0.159491258533834,0.0207385470513646
193,0.45277255302698,0.339274091164531,0.207953355808489
194,0.182127777029482,0.454881274646254,0.362990948324264
195,0.745759566654682,0.211164133808079,0.0430762995372383
196,0.109581960490763,0.460249978844506,0.430168060664731
197,0.0735306514238848,0.305333353384861,0.621135995191254
198,0.174629604019515,0.409523636432934,0.415846759547552
199,0.608947006973849,0.170513256781206,0.220539736244944
200,0.871110155996476,0.0962080964883294,0.0326817475151942
201,0.465508536229702,0.440133682766663,0.0943577810036352
202,0.341160627649012,0.503240372836024,0.155598999514964
203,0.159788173798639,0.518615611133578,0.321596215067783
204,0.751716753820938,0.209747058494158,0.0385361876849036
205,0.197824407860927,0.415971897458347,0.386203694680726
206,0.204271876969566,0.386466336821417,0.409261786209017
207,0.131054659561673,0.522407061062932,0.346538279375394
208,0.258796331313957,0.364376573936018,0.376827094750024
209,0.94012259350495,0.0418274823589697,0.0180499241360802
210,0.344442974932684,0.579395667940524,0.0761613571267926
211,0.256548153623306,0.459579998694901,0.283871847681793
212,0.735440866812338,0.183327468786089,0.0812316644015733
213,0.52259702336569,0.291055760291196,0.186347216343114
214,0.210831690852309,0.461496745750783,0.327671563396908
215,0.105732731791025,0.403155416475987,0.491111851732989
216,0.13884480579889,0.584878736132397,0.276276458068712
217,0.21878846973089,0.564164507853516,0.217047022415594
218,0.441400612540489,0.354027297163209,0.204572090296302
219,0.467413718909272,0.218204480111688,0.314381800979041
220,0.75183260746745,0.212825620535249,0.0353417719973013
221,0.344573958984141,0.303124970510941,0.352301070504917
222,0.100378430440188,0.351178250543309,0.548443319016502
223,0.87959914211854,0.0861362360630971,0.0342646218183634
224,0.203763665457469,0.546783783749109,0.249452550793423
225,0.124162810096158,0.118318602353702,0.757518587550139
226,0.301812023444039,0.461131610637636,0.237056365918325
227,0.599469551247628,0.197434493109736,0.203095955642636
228,0.462507389231437,0.370271788967268,0.167220821801295
229,0.152638724970149,0.667632230962035,0.179729044067817
230,0.495882847447761,0.389091892302984,0.115025260249255
231,0.34633422822878,0.39863390006348,0.255031871707741
232,0.0419512831557102,0.219958939645948,0.738089777198342
233,0.0640056928191519,0.54642610805231,0.389568199128538
234,0.499304465621581,0.431814015738303,0.0688815186401161
235,0.47060825847676,0.405731686771098,0.123660054752143
236,0.313434506081052,0.366150713262087,0.320414780656861
237,0.0772943534739997,0.304334217920979,0.618371428605021
238,0.28688990157704,0.535236502142061,0.177873596280899
239,0.889626289573824,0.0779765847070179,0.0323971257191587
240,0.406952467777698,0.301627839798333,0.291419692423969
241,0.244146260045877,0.448641948659955,0.307211791294168
242,0.298279434337939,0.554509251831076,0.147211313830985
243,0.0346788249561432,0.500499960061982,0.464821214981875
244,0.33980772477851,0.482213441163927,0.177978834057562
245,0.182197252018153,0.311893756292062,0.505908991689786
246,0.254564831400945,0.474760359285062,0.270674809313992
247,0.38035920867053,0.449470437194661,0.170170354134809
248,0.243750031584317,0.421607994733831,0.334641973681852
249,0.990751673047281,0.00714374989124761,0.00210457706147154
250,0.408173413875549,0.458680274697141,0.13314631142731
251,0.0529156925579961,0.219874220606843,0.727210086835161
252,0.0752581622810308,0.198617773205745,0.726124064513224
253,0.584429611633291,0.259690919951858,0.15587946841485
254,0.30361793516663,0.426930935751087,0.269451129082284
255,0.142704117591265,0.378377395446918,0.478918486961816
256,0.346016750395813,0.540097387554602,0.113885862049585
257,0.242112767445733,0.51725797192747,0.240629260626797
258,0.695520665528284,0.245785066106427,0.0586942683652886
259,0.176740177327777,0.578259661845949,0.245000160826275
260,0.200864872558592,0.533013677361405,0.266121450080003
261,0.0847034325528874,0.346467671097004,0.568828896350109
262,0.17649432589478,0.163674095575589,0.659831578529631
263,0.502424006779434,0.446363274355697,0.0512127188648693
264,0.131701206895727,0.53027880084872,0.338019992255553
265,0.540062267853677,0.380521836783889,0.0794158953624346
266,0.551769379732075,0.393649034664851,0.0545815856030743
267,0.586243422969582,0.295404607932955,0.118351969097463
268,0.318008757973291,0.421339873663032,0.260651368363678
269,0.828578767593114,0.1255891498421,0.045832082564786
270,0.78295962281381,0.128423166626687,0.0886172105595026
271,0.500414086426109,0.42232385465389,0.0772620589200009
272,0.680604466585685,0.196977399338057,0.122418134076258
273,0.641771332614626,0.250210138798074,0.1080185285873
274,0.147723911403135,0.38051532997021,0.471760758626655
275,0.124019647297729,0.40166218380795,0.47431816889432
276,0.187121179978441,0.591036884383961,0.221841935637599
277,0.0701033982627176,0.428700879575914,0.501195722161369
278,0.14569714442581,0.4383163529481,0.41598650262609
279,0.0593377280146743,0.34118742455909,0.599474847426236
280,0.652199298115252,0.287190062761149,0.0606106391235993
281,0.307949430289773,0.423106463604519,0.268944106105708
282,0.727227540210086,0.216078876140041,0.056693583649873
283,0.937433158087246,0.0517211416284593,0.0108457002842944
284,0.877111181606095,0.0700293260376468,0.0528594923562581
285,0.336478662289117,0.190891456071044,0.472629881639839
286,0.119746801906394,0.550160748059344,0.330092450034261
287,0.462298671071436,0.256655135150338,0.281046193778226
288,0.0914681252050565,0.255326771151575,0.653205103643369
289,0.0394617063020185,0.0748678055022365,0.885670488195745
290,0.151706673106148,0.255354154959162,0.592939171934691
291,0.401036662120645,0.417201316450926,0.181762021428429
292,0.215300577425336,0.312001833737489,0.472697588837175
293,0.154217522604508,0.438855953429895,0.406926523965598
294,0.919681422808683,0.063280184259307,0.0170383929320105
295,0.567539542075705,0.285743760339295,0.146716697584999
296,0.354824146558326,0.349493998337878,0.295681855103796
297,0.363230935608763,0.505328329951294,0.131440734439942
298,0.09101946923217,0.223374211485482,0.685606319282348
299,0.124882395890556,0.2888211324811,0.586296471628343
300,0.552837024780447,0.357025968156581,0.0901370070629726
301,0.0272965903870694,0.192586725801173,0.780116683811757
302,0.326509181615968,0.444197862880477,0.229292955503555
303,0.209823399662546,0.523991688345595,0.266184911991859
304,0.348541913063081,0.451830679978363,0.199627406958556
305,0.696790890470629,0.242881169401386,0.0603279401279852
306,0.221675248645489,0.507017025790255,0.271307725564256
307,0.119294180421918,0.458079191065179,0.422626628512903
308,0.486809626887004,0.435377123658325,0.0778132494546705
309,0.330706146177677,0.423448125001909,0.245845728820414
310,0.251291046703642,0.355933672067919,0.392775281228439
311,0.424300405267268,0.444472507017611,0.131227087715121
312,0.447862670375654,0.426353246379185,0.125784083245161
313,0.332241041507983,0.427603247647791,0.240155710844226
314,0.115196116491062,0.516988635949549,0.367815247559389
315,0.0766480533514701,0.192188296605143,0.731163650043387
316,0.242564429027531,0.53559846422606,0.221837106746409
317,0.253245336627755,0.574436964869271,0.172317698502974
318,0.593853637366913,0.242634752118786,0.1635116105143
319,0.108578487149944,0.599583635335189,0.291837877514867
320,0.618574760038608,0.291461925115815,0.0899633148455767
321,0.0190961666485704,0.0841356121520342,0.896768221199395
322,0.233399609416596,0.445660455269028,0.320939935314376
323,0.117665142679735,0.332056848121121,0.550278009199144
324,0.798044668888028,0.162180766747576,0.0397745643643962
325,0.233087759084923,0.41729688903816,0.349615351876917
326,0.172325484969691,0.517207960286025,0.310466554744284
327,0.363061424900236,0.46994598539971,0.166992589700054
328,0.0801902599436089,0.386976013168707,0.532833726887684
329,0.632090668268709,0.315619673251673,0.0522896584796185
330,0.660355586724567,0.259510703014122,0.0801337102613119
331,0.0303984615906772,0.34954177976845,0.620059758640873
332,0.527284354296261,0.285165182856391,0.187550462847347
333,0.0755186638092007,0.229714953014629,0.694766383176171
334,0.508491625560815,0.427359259287188,0.0641491151519962
335,0.0171970554184098,0.111623410799291,0.871179533782299
336,0.22028468784113,0.549283445899818,0.230431866259053
337,0.228282620562572,0.468338834755377,0.303378544682051
338,0.126665732436415,0.459892850204856,0.413441417358728
339,0.331857148543959,0.509810107484993,0.158332743971048
340,0.904385308647441,0.0725863890243143,0.0230283023282443
341,0.353869887368746,0.509374900558467,0.136755212072787
342,0.700314242522154,0.231864416197473,0.067821341280373
343,0.26301088157272,0.501763184272139,0.235225934155141
344,0.166215836357618,0.669856406989957,0.163927756652425
345,0.0393388963234566,0.226412013811657,0.734249089864886
346,0.410588927549044,0.446465049051457,0.142946023399499
347,0.374591685513709,0.468316536777515,0.157091777708776
348,0.479500482029321,0.353929395263882,0.166570122706797
349,0.594303567166066,0.310584623612354,0.0951118092215799
350,0.295628362279491,0.408162310889953,0.296209326830556
351,0.439151675472065,0.439318574090203,0.121529750437732
352,0.472591920054149,0.420611467871165,0.106796612074686
353,0.129513379347208,0.221115012842554,0.649371607810238
354,0.11489508454199,0.102629005068248,0.782475910389762
355,0.807706808720601,0.169091185653234,0.0232020056261648
356,0.13113647358614,0.335701160440371,0.533162365973489
357,0.0497302302115772,0.192702358022805,0.757567411765618
358,0.234565664430527,0.435563373266996,0.329870962302477
359,0.815498770325031,0.137142736316982,0.0473584933579867
360,0.453438683614319,0.375272850844757,0.171288465540924
361,0.0287509750122495,0.13606470670492,0.83518431828283
362,0.200467149408435,0.284196193006977,0.515336657584589
363,0.281821140046815,0.288653196801299,0.429525663151886
364,0.887204868285807,0.0928486580959242,0.0199464736182689
365,0.352905216199009,0.319956345091199,0.327138438709792
366,0.0560162966733321,0.334201410020046,0.609782293306622
367,0.217656018331105,0.319969701665581,0.462374280003314
368,0.689619589439911,0.248180576080283,0.0621998344798055
369,0.274210074360255,0.381670946597543,0.344118979042202
370,0.348687271903539,0.410410715418025,0.240902012678436
371,0.125731771093321,0.189759765848424,0.684508463058255
372,0.462356233466234,0.275283728541216,0.262360037992549
373,0.590467201146248,0.31925212188335,0.0902806769704021
374,0.419747928706406,0.489145738150344,0.09110633314325
375,0.816679079346164,0.145585744007359,0.037735176646477
376,0.170868856938054,0.546473924770777,0.282657218291169
377,0.575023631765206,0.327090337729748,0.0978860305050462
378,0.193230953762479,0.498424056276979,0.308344989960542
379,0.33585855087788,0.405843262478481,0.258298186643639
380,0.125766036250774,0.353735108124318,0.520498855624908
381,0.959720450147434,0.0334243795595724,0.00685517029299398
382,0.485025910273866,0.268606217708497,0.246367872017638
383,0.178047326679929,0.554587388629468,0.267365284690604
384,0.928689044547983,0.0529031263620521,0.0184078290899648
385,0.8659973046943,0.0993214700653777,0.0346812252403225
386,0.262768717332634,0.528748598226451,0.208482684440915
387,0.240207711523943,0.493082122661492,0.266710165814564
388,0.38491527546145,0.285725269591222,0.329359454947328
389,0.186545690374781,0.664068637823312,0.149385671801907
390,0.0657520962386138,0.259464948175356,0.67478295558603
391,0.277332646409629,0.464354346342102,0.258313007248269
392,0.37243067753118,0.488013347969988,0.139555974498832
393,0.71854472579277,0.242994157291661,0.0384611169155698
394,0.826651080825355,0.121675971504851,0.0516729476697941
395,0.400042600026422,0.498513195937107,0.101444204036471
396,0.0935197159021697,0.33702140892888,0.56945887516895
397,0.070682449268446,0.547438083531615,0.381879467199939
398,0.380030310098356,0.406854968372334,0.21311472152931
399,0.173300093112165,0.67956214237208,0.147137764515755
400,0.861802570397422,0.11304199666291,0.0251554329396688
401,0.583108974005743,0.244173966145996,0.172717059848261
402,0.555395351599255,0.363111939827956,0.0814927085727891
403,0.143023889436123,0.358008235377607,0.49896787518627
404,0.611322631166669,0.283836857614228,0.104840511219103
405,0.093897492253455,0.441717450073346,0.464385057673199
406,0.130927813138329,0.733362970869329,0.135709215992342
407,0.934357362904564,0.0563568576062327,0.00928577948920306
408,0.923997274205217,0.0642352245147034,0.0117675012800792
409,0.339157548977578,0.416435068280921,0.2444073827415
410,0.168894887419487,0.58976733942626,0.241337773154253
411,0.279324806691836,0.491886097560373,0.228789095747791
412,0.477606608675728,0.373892919906377,0.148500471417894
413,0.0908580898131962,0.166633315058626,0.742508595128178
414,0.744877143092543,0.221908896757733,0.0332139601497234
415,0.687194943894918,0.280685199989546,0.032119856115536
416,0.380874026548768,0.374995140329176,0.244130833122055
417,0.250567588006259,0.491457478251574,0.257974933742167
418,0.520567904657257,0.379749957806749,0.0996821375359939
419,0.516358357487961,0.268504996117716,0.215136646394323
420,0.0987891136137471,0.272384044108521,0.628826842277732
421,0.443064968904932,0.434086589501806,0.122848441593262
422,0.617238322143995,0.276956746298586,0.105804931557419
423,0.338666382774484,0.463872485788611,0.197461131436904
424,0.292549347510857,0.246214938850394,0.461235713638749
425,0.580437958243182,0.301079970928145,0.118482070828673
426,0.494576232494364,0.269179016921339,0.236244750584297
427,0.128146731850269,0.375741905792479,0.496111362357251
428,0.236900147815495,0.450133887498193,0.312965964686312
429,0.0248781163966396,0.0893240663086188,0.885797817294742
430,0.583170023520401,0.342914242876462,0.0739157336031371
431,0.799428782119303,0.137371281196129,0.063199936684568
432,0.832986487427623,0.124255311418449,0.0427582011539279
433,0.40579661403356,0.316584173242893,0.277619212723547
434,0.0389815146682854,0.158267051294825,0.80275143403689
435,0.942388099217028,0.0381377634728999,0.0194741373100718
436,0.444972159096812,0.295140178025033,0.259887662878156
437,0.156866622163516,0.477295250587257,0.365838127249227
438,0.196169464592463,0.53793139950333,0.265899135904206
439,0.318778671345218,0.435911057383121,0.245310271271661
440,0.190369983795437,0.489081937966303,0.320548078238259
441,0.215300577425336,0.312001833737489,0.472697588837175
442,0.374663841479085,0.332268074720379,0.293068083800536
443,0.44568182191841,0.45471514486332,0.0996030332182704
444,0.334844293415758,0.470592209271011,0.194563497313231
445,0.822100853041842,0.125231674257548,0.0526674727006102
446,0.0380258108981087,0.24243676484611,0.719537424255782
447,0.438304724855463,0.476290397443543,0.0854048777009942
448,0.518770618240563,0.357090378483266,0.124139003276172
449,0.415330054220768,0.393894577842963,0.190775367936269
450,0.228803255292805,0.572412005037187,0.198784739670008
451,0.351461988325441,0.481297574099842,0.167240437574717
452,0.418540286744463,0.417966722242457,0.16349299101308
453,0.523948192323709,0.38904917718547,0.0870026304908214
454,0.229245102060607,0.623881863202961,0.146873034736432
455,0.775353651498903,0.206273674660488,0.0183726738406095
456,0.706372280703406,0.197503379945885,0.0961243393507096
457,0.116767459117095,0.162867368849989,0.720365172032916
458,0.538243314711456,0.370250558976384,0.0915061263121601
459,0.470786676562742,0.451681141250763,0.0775321821864949
460,0.0338386777132751,0.165898898546356,0.800262423740369
461,0.220722394663298,0.631118405167323,0.148159200169378
462,0.409210349148385,0.286396014866568,0.304393635985046
463,0.289910898555742,0.409496271098569,0.300592830345689
464,0.840294776722679,0.135010449370771,0.0246947739065502
465,0.155592793094325,0.409818119125015,0.434589087780661
466,0.293398309094122,0.460331580583127,0.246270110322751
467,0.250428849591444,0.448058294964315,0.301512855444241
468,0.233768150107308,0.497107510209435,0.269124339683257
469,0.0471948032687005,0.223700419147756,0.729104777583543
470,0.0831837070197475,0.299815591977227,0.617000701003025
471,0.572894688928064,0.342907147368063,0.0841981637038723
472,0.250566974332893,0.490695782275871,0.258737243391235
473,0.0339344110977935,0.535845782534622,0.430219806367584
474,0.378003588530851,0.403152365442793,0.218844046026356
475,0.853182338422372,0.113103422767573,0.0337142388100549
476,0.334912950597489,0.346437049895077,0.318649999507434
477,0.512482990702917,0.390259283711287,0.0972577255857962
478,0.0696249351585932,0.378171164767165,0.552203900074242
479,0.549840838593316,0.263234093783331,0.186925067623352
480,0.367967891104828,0.496664233436823,0.135367875458349
481,0.898619553918738,0.0813796424419828,0.0200008036392789
482,0.125375400866869,0.554015636918669,0.320608962214461
483,0.544309393586434,0.390838253849931,0.0648523525636356
484,0.187573136024283,0.443402772865383,0.369024091110334
485,0.199019090349596,0.493135137633948,0.307845772016456
486,0.286051081221744,0.337131494227354,0.376817424550902
487,0.299042089275764,0.483873158329243,0.217084752394992
488,0.110940717184661,0.630700733370085,0.258358549445253
489,0.203462290154402,0.334942243660379,0.461595466185219
490,0.578060620500113,0.369870329134968,0.0520690503649188
491,0.365239492102867,0.45580726782443,0.178953240072703
492,0.819061249972776,0.126813391492157,0.054125358535067
493,0.359300871609922,0.37025530478191,0.270443823608168
494,0.178572286112775,0.5038233315473,0.317604382339924
495,0.246286210654599,0.459409399674605,0.294304389670796
496,0.570939310446543,0.292719619828422,0.136341069725034
497,0.561547977690961,0.340449632011941,0.0980023902970984
498,0.334393952323193,0.313033108935234,0.352572938741573
499,0.47535524065738,0.429482739221581,0.0951620201210393
500,0.710074403989803,0.209852592999404,0.0800730030107923
501,0.168077880443307,0.340458146338969,0.491463973217724
502,0.044118630606283,0.144917772320537,0.81096359707318
503,0.0433537773542829,0.0860889525739218,0.870557270071795
504,0.678946261688831,0.226181386249446,0.0948723520617228
505,0.271115477986379,0.483295711307935,0.245588810705686
506,0.112924077159334,0.268823720721354,0.618252202119312
507,0.723453633948857,0.218913323491095,0.0576330425600481
508,0.120056326400002,0.339875247729453,0.540068425870545
509,0.0686662159923745,0.108049327475254,0.823284456532371
510,0.685547298777469,0.245076921381897,0.0693757798406349
511,0.0526617722008829,0.100786564180173,0.846551663618944
512,0.129395708710775,0.235629840499591,0.634974450789635
513,0.215502796273796,0.426111154765771,0.358386048960433
514,0.286232328532589,0.594826186028297,0.118941485439114
515,0.16635396949402,0.417275189866869,0.416370840639111
516,0.499304465621581,0.431814015738303,0.0688815186401161
517,0.719678899261335,0.220323789958609,0.0599973107800559
518,0.225099452276724,0.31946637301761,0.455434174705666
519,0.9577871497588,0.0335864337372306,0.0086264165039693
520,0.306435656235987,0.449223535825714,0.244340807938299
521,0.230792362852601,0.30860325038281,0.460604386764588
522,0.42405822787949,0.474032026585564,0.101909745534945
523,0.630595694600547,0.29361461749262,0.0757896879068331
524,0.262625538244156,0.467986750353761,0.269387711402083
525,0.880148628499172,0.0954025791291994,0.0244487923716283
526,0.558912161548183,0.298078027013325,0.143009811438492
527,0.243135877221247,0.487724259575191,0.269139863203562
528,0.0719631939794574,0.237488942233416,0.690547863787127
529,0.115431405221375,0.449459484622587,0.435109110156039
530,0.962075754451593,0.0282202900194403,0.00970395552896634
531,0.145342607353387,0.551147236575001,0.303510156071612
532,0.165559816607785,0.491547107403547,0.342893075988667
533,0.119370542136949,0.522810686035933,0.357818771827118
534,0.342120863466223,0.486705089528891,0.171174047004886
535,0.0533413759707406,0.232094521026627,0.714564103002632
536,0.417170208286355,0.381584030222824,0.20124576149082
537,0.666584958565026,0.24481450175713,0.0886005396778446
538,0.370513179163201,0.470648594388858,0.158838226447941
539,0.914459452587956,0.0684228433591682,0.0171177040528755
540,0.674603336723022,0.210027495636077,0.115369167640901
541,0.124732208945071,0.366175734655176,0.509092056399752
542,0.349283108147903,0.366858428749427,0.28385846310267
543,0.476765247366305,0.386185936901215,0.13704881573248
544,0.116334840907084,0.536224421116092,0.347440737976824
545,0.0539341644306509,0.562246548053407,0.383819287515942
546,0.589208209431746,0.255555616740231,0.155236173828023
547,0.544098444007565,0.369712779573087,0.0861887764193482
548,0.842462799218974,0.122453947174147,0.0350832536068789
549,0.755141945988343,0.214976222467441,0.0298818315442151
550,0.0645183432365353,0.313279204809147,0.622202451954317
551,0.179484051399862,0.43427088663686,0.386245061963278
552,0.328088714963095,0.458228032572897,0.213683252464008
553,0.379329421265544,0.528934097848429,0.0917364808860269
554,0.521761474508202,0.335615068712845,0.142623456778952
555,0.048308585842351,0.143949787836137,0.807741626321512
556,0.420261314820269,0.37949660603902,0.200242079140711
557,0.40525324112911,0.459636220256091,0.135110538614799
558,0.194900668408147,0.496978405269347,0.308120926322506
559,0.845441831369606,0.131233881076679,0.0233242875537152
560,0.554816755922815,0.314875129704215,0.130308114372969
561,0.222372297213828,0.675938394438852,0.10168930834732
562,0.248132822690612,0.30732102944827,0.444546147861118
563,0.88172149756957,0.0968737600448012,0.0214047423856291
564,0.165018017612378,0.462600011737213,0.372381970650409
565,0.138798032722359,0.555498478531604,0.305703488746037
566,0.410386182506738,0.344718662197631,0.244895155295631
567,0.127519217218535,0.474983564658099,0.397497218123366
568,0.218793072546861,0.501944396035463,0.279262531417676
569,0.103523387884377,0.475619211797892,0.420857400317731
570,0.82665836415038,0.128951098363665,0.0443905374859546
571,0.598666075375658,0.335509236340822,0.0658246882835205
572,0.258449901780612,0.520498149610175,0.221051948609213
573,0.162834864942821,0.591209887246923,0.245955247810256
574,0.196359800996561,0.438940279090616,0.364699919912823
575,0.469949589251093,0.443354396866597,0.0866960138823104
576,0.111022846980142,0.470248639365606,0.418728513654252
577,0.794932565550261,0.152374239498237,0.0526931949515024
578,0.103710072737072,0.432494384161439,0.463795543101489
579,0.948930895792106,0.0423856706061025,0.00868343360179104
580,0.295345239668821,0.43559030872039,0.269064451610789
581,0.438617011905968,0.480995234315459,0.0803877537785723
582,0.290605049307213,0.612998353628129,0.0963965970646578
583,0.513674722493616,0.292960707369811,0.193364570136572
584,0.193053149562339,0.449202790360803,0.357744060076858
585,0.185174527808209,0.483474186586596,0.331351285605195
586,0.671665178319237,0.273019454476358,0.0553153672044055
587,0.617058456465218,0.309530042732071,0.0734115008027107
588,0.104653911685627,0.48791172245457,0.407434365859803
589,0.640196795431198,0.194732856492231,0.165070348076571
590,0.845012842549634,0.14098813615329,0.0139990212970763
591,0.131635052415185,0.523679801599951,0.344685145984864
592,0.21538333878832,0.512984591428166,0.271632069783514
593,0.369069382172265,0.553195350375667,0.0777352674520682
594,0.0901921711667281,0.336049834248304,0.573757994584968
595,0.244157107836938,0.667026911090758,0.0888159810723041
596,0.128723964621118,0.427739897577731,0.443536137801152
597,0.177924637877515,0.351892756164865,0.47018260595762
598,0.219313693574534,0.535768697465064,0.244917608960402
599,0.34571677849979,0.538085072824405,0.116198148675805
600,0.848828565940512,0.119974751366227,0.0311966826932606
601,0.9230103489862,0.0518960767829364,0.025093574230863
602,0.334850509562403,0.459446876280766,0.20570261415683
603,0.152264391816912,0.339514432235699,0.50822117594739
604,0.206164079400969,0.499467799901882,0.294368120697149
605,0.0642164049337198,0.500908133901487,0.434875461164793
606,0.137754299760609,0.44545643716952,0.41678926306987
607,0.47958327283261,0.119597329678252,0.400819397489138
608,0.0971834141817456,0.462407116251725,0.440409469566529
609,0.129395708710775,0.235629840499591,0.634974450789635
610,0.0171762775691904,0.0350459623228244,0.947777760107985
611,0.951125981228955,0.0368280790251653,0.0120459397458793
612,0.767163902669673,0.161876219775686,0.0709598775546413
613,0.604450352707575,0.2908333233878,0.104716323904625
614,0.344634975070496,0.398078873173323,0.257286151756181
615,0.262259449198089,0.421799525478795,0.315941025323117
616,0.33922137814992,0.529147643543417,0.131630978306663
617,0.0694750124393902,0.441916380216593,0.488608607344017
618,0.842812760247789,0.116025784834362,0.0411614549178496
619,0.278467974415898,0.445305664547793,0.27622636103631
620,0.1898567887434,0.405467200266651,0.404676010989949
621,0.227019937630712,0.370210330352323,0.402769732016965
622,0.915848421876856,0.0579105857433596,0.0262409923797843
623,0.0399667559208951,0.228739699826267,0.731293544252838
624,0.866398549573534,0.0915850892336128,0.0420163611928528
625,0.351509338612927,0.542869137213553,0.10562152417352
626,0.0823826968082834,0.213380666477171,0.704236636714546
627,0.0390840660337165,0.161309661670459,0.799606272295825
628,0.498538497496285,0.367462966954696,0.133998535549019
629,0.89491079472631,0.0859155477681409,0.0191736575055488
630,0.832554804704928,0.139604664884068,0.0278405304110036
631,0.0471459648267792,0.424947298938686,0.527906736234535
632,0.313834674801345,0.507197405005643,0.178967920193012
633,0.0563305812130265,0.288266331451439,0.655403087335535
634,0.443005680165313,0.48691983452924,0.0700744853054467
635,0.108763166317833,0.400288878263229,0.490947955418938
636,0.618568962601534,0.328497947676944,0.0529330897215215
637,0.112607138222096,0.299823806696979,0.587569055080924
638,0.257156839814214,0.565443742721202,0.177399417464584
639,0.300489679078869,0.545440274957603,0.154070045963528
640,0.762080575397306,0.182979211300894,0.0549402133017999
641,0.190671887262389,0.489968955479926,0.319359157257685
642,0.817255014093175,0.155403738108674,0.0273412477981509
643,0.306473565849461,0.415253054257177,0.278273379893362
644,0.469673414624333,0.397390361873075,0.132936223502592
645,0.885544637617162,0.0963516510162744,0.0181037113665635
646,0.294857876575777,0.476752123981251,0.228389999442973
647,0.122703790365299,0.493728809293526,0.383567400341175
648,0.908656033746979,0.0671372500190002,0.0242067162340203
649,0.231080693338026,0.42964522613668,0.339274080525294
650,0.429669474540197,0.456760395696422,0.113570129763381
651,0.322928129409082,0.31350060946092,0.363571261129998
652,0.944276531016789,0.044496761172482,0.0112267078107286
653,0.218033530755429,0.313649325344118,0.468317143900453
654,0.55625921223657,0.312948046597933,0.130792741165497
655,0.328523525820393,0.539893100537045,0.131583373642562
656,0.680234097283729,0.283113682745467,0.0366522199708049
657,0.418190626989183,0.1333604635267,0.448448909484117
658,0.214810526351226,0.399384180628633,0.385805293020141
659,0.577918008132539,0.274102435958475,0.147979555908987
660,0.0493815274641951,0.49866724836707,0.451951224168735
661,0.534927019914527,0.381529310614505,0.0835436694709682
662,0.920523701371172,0.059191493930706,0.020284804698122
663,0.92432814303605,0.0564801237947593,0.0191917331691901
664,0.140314857723563,0.494354582465362,0.365330559811076
665,0.0975284001105025,0.488502922645697,0.413968677243801
666,0.0963054251763568,0.524061924303976,0.379632650519667
667,0.229523507295036,0.503387642662797,0.267088850042167
668,0.278416745713125,0.308367545281357,0.413215709005518
669,0.276427449039029,0.587857540268477,0.135715010692494
670,0.169098864892615,0.400880119210945,0.43002101589644
671,0.451518816952654,0.342033055514776,0.20644812753257
672,0.194879549459361,0.355968474216736,0.449151976323903
673,0.0724342978126701,0.314715584858428,0.612850117328902
674,0.813378705197766,0.141643322161362,0.0449779726408725
675,0.0252531821428804,0.262089066813395,0.712657751043724
676,0.476232171919253,0.309886205121609,0.213881622959139
677,0.881995522077211,0.0937063204138248,0.0242981575089647
