"ID","low","medium","high"
1,0.474,0.342,0.184
2,0.048,0.238,0.714
3,0.572,0.262,0.166
4,0.738,0.182,0.08
5,0.86,0.082,0.058
6,0.072,0.174,0.754
7,0.548,0.394,0.058
8,0.56,0.264,0.176
9,0.072,0.122,0.806
10,0.27,0.352,0.378
11,0.414,0.402,0.184
12,0.716,0.208,0.076
13,0.032,0.152,0.816
14,0.462,0.37,0.168
15,0.456,0.464,0.08
16,0.384,0.496,0.12
17,0.106,0.148,0.746
18,0.508,0.422,0.07
19,0.228,0.34,0.432
20,0.214,0.322,0.464
21,0.188,0.588,0.224
22,0.27,0.484,0.246
23,0.072,0.596,0.332
24,0.644,0.31,0.046
25,0.172,0.68,0.148
26,0.188,0.602,0.21
27,0.026,0.688,0.286
28,0.708,0.2,0.092
29,0.608,0.244,0.148
30,0.244,0.424,0.332
31,0.03,0.084,0.886
32,0.294,0.396,0.31
33,0.056,0.168,0.776
34,0.212,0.302,0.486
35,0.28,0.608,0.112
36,0.296,0.672,0.032
37,0.48,0.472,0.048
38,0.758,0.152,0.09
39,0.122,0.144,0.734
40,0.188,0.734,0.078
41,0.748,0.226,0.026
42,0.306,0.44,0.254
43,0.882,0.062,0.056
44,0.054,0.12,0.826
45,0.342,0.452,0.206
46,0.562,0.262,0.176
47,0.356,0.37,0.274
48,0.042,0.072,0.886
49,0.058,0.296,0.646
50,0.15,0.504,0.346
51,0.224,0.464,0.312
52,0.1,0.422,0.478
53,0.242,0.4,0.358
54,0.418,0.426,0.156
55,0.78,0.166,0.054
56,0.07,0.528,0.402
57,0.47,0.454,0.076
58,0.058,0.434,0.508
59,0.242,0.626,0.132
60,0.906,0.062,0.032
61,0.242,0.42,0.338
62,0.068,0.812,0.12
63,0.472,0.29,0.238
64,0.328,0.622,0.05
65,0.188,0.358,0.454
66,0.174,0.806,0.02
67,0.314,0.544,0.142
68,0.202,0.272,0.526
69,0.252,0.25,0.498
70,0.35,0.384,0.266
71,0.718,0.132,0.15
72,0.086,0.802,0.112
73,0.904,0.082,0.014
74,0.136,0.69,0.174
75,0.86,0.122,0.018
76,0.448,0.246,0.306
77,0.014,0.15,0.836
78,0.126,0.736,0.138
79,0.99,0.01,0
80,0.284,0.642,0.074
81,0.49,0.362,0.148
82,0.472,0.29,0.238
83,0.578,0.348,0.074
84,0.438,0.394,0.168
85,0.358,0.502,0.14
86,0.664,0.27,0.066
87,0.198,0.522,0.28
88,0.122,0.368,0.51
89,0.37,0.528,0.102
90,0.354,0.402,0.244
91,0.04,0.264,0.696
92,0.202,0.308,0.49
93,0.304,0.4,0.296
94,0.316,0.454,0.23
95,0.224,0.604,0.172
96,0.746,0.232,0.022
97,0.068,0.786,0.146
98,0.702,0.28,0.018
99,0.072,0.87,0.058
100,0.108,0.438,0.454
101,0.058,0.2,0.742
102,0.156,0.684,0.16
103,0.722,0.222,0.056
104,0.9,0.08,0.02
105,0.914,0.08,0.006
106,0.408,0.51,0.082
107,0.232,0.256,0.512
108,0.644,0.214,0.142
109,0.348,0.532,0.12
110,0.402,0.322,0.276
111,0.55,0.344,0.106
112,0.572,0.278,0.15
113,0.152,0.556,0.292
114,0.284,0.534,0.182
115,0.944,0.036,0.02
116,0.398,0.39,0.212
117,0.504,0.372,0.124
118,0.472,0.282,0.246
119,0.058,0.452,0.49
120,0.154,0.764,0.082
121,0.702,0.212,0.086
122,0.876,0.054,0.07
123,0.192,0.484,0.324
124,0.384,0.314,0.302
125,0.742,0.11,0.148
126,0,0.254,0.746
127,0.148,0.7,0.152
128,0.44,0.27,0.29
129,0.52,0.328,0.152
130,0.504,0.432,0.064
131,0.24,0.372,0.388
132,0.102,0.254,0.644
133,0.214,0.192,0.594
134,0.676,0.276,0.048
135,0.44,0.438,0.122
136,0.682,0.252,0.066
137,0.764,0.17,0.066
138,0.71,0.158,0.132
139,0.948,0.052,0
140,0.98,0.018,0.002
141,0.452,0.296,0.252
142,0.412,0.504,0.084
143,0.47,0.292,0.238
144,0.444,0.426,0.13
145,0.504,0.41,0.086
146,0.61,0.306,0.084
147,0.168,0.42,0.412
148,0.472,0.29,0.238
149,0.112,0.742,0.146
150,0.69,0.274,0.036
151,0.176,0.194,0.63
152,0.512,0.258,0.23
153,0.268,0.58,0.152
154,0.822,0.156,0.022
155,0.304,0.284,0.412
156,0.44,0.364,0.196
157,0.828,0.076,0.096
158,0.556,0.266,0.178
159,0.708,0.178,0.114
160,0.31,0.3,0.39
161,0.416,0.254,0.33
162,0.774,0.142,0.084
163,0.57,0.298,0.132
164,0.034,0.32,0.646
165,0.896,0.078,0.026
166,0.064,0.848,0.088
167,0.446,0.41,0.144
168,0.202,0.248,0.55
169,0.026,0.688,0.286
170,0.872,0.11,0.018
171,0.09,0.736,0.174
172,0.404,0.292,0.304
173,0.318,0.358,0.324
174,0.462,0.322,0.216
175,0.03,0.158,0.812
176,0.112,0.37,0.518
177,0.008,0.202,0.79
178,0.644,0.28,0.076
179,0.384,0.452,0.164
180,0.29,0.47,0.24
181,0.666,0.284,0.05
182,0.05,0.464,0.486
183,0.132,0.566,0.302
184,0.314,0.59,0.096
185,0.058,0.46,0.482
186,0.514,0.458,0.028
187,0.016,0.232,0.752
188,0.238,0.476,0.286
189,0.066,0.314,0.62
190,0.376,0.22,0.404
191,0.868,0.102,0.03
192,0.518,0.42,0.062
193,0.35,0.348,0.302
194,0.22,0.462,0.318
195,0.762,0.2,0.038
196,0.036,0.584,0.38
197,0.202,0.49,0.308
198,0.408,0.326,0.266
199,0.238,0.078,0.684
200,0.802,0.116,0.082
201,0.676,0.196,0.128
202,0.72,0.206,0.074
203,0.138,0.386,0.476
204,0.786,0.202,0.012
205,0.002,0.042,0.956
206,0.19,0.262,0.548
207,0.054,0.332,0.614
208,0.072,0.158,0.77
209,0.83,0.162,0.008
210,0.362,0.562,0.076
211,0.17,0.282,0.548
212,0.898,0.062,0.04
213,0.466,0.316,0.218
214,0.262,0.378,0.36
215,0.21,0.412,0.378
216,0.08,0.354,0.566
217,0.218,0.566,0.216
218,0.224,0.62,0.156
219,0.57,0.184,0.246
220,0.504,0.45,0.046
221,0.28,0.108,0.612
222,0.026,0.448,0.526
223,0.89,0.07,0.04
224,0.054,0.252,0.694
225,0.14,0.442,0.418
226,0.392,0.426,0.182
227,0.354,0.404,0.242
228,0.338,0.392,0.27
229,0.146,0.85,0.004
230,0.774,0.134,0.092
231,0.322,0.232,0.446
232,0.114,0.234,0.652
233,0.202,0.266,0.532
234,0.47,0.434,0.096
235,0.476,0.262,0.262
236,0.222,0.282,0.496
237,0.12,0.262,0.618
238,0.312,0.304,0.384
239,0.964,0.034,0.002
240,0.44,0.254,0.306
241,0.228,0.472,0.3
242,0.386,0.406,0.208
243,0.494,0.2,0.306
244,0.486,0.436,0.078
245,0.27,0.328,0.402
246,0.322,0.376,0.302
247,0.294,0.462,0.244
248,0.348,0.512,0.14
249,0.744,0.242,0.014
250,0.28,0.486,0.234
251,0.414,0.392,0.194
252,0.104,0.394,0.502
253,0.632,0.192,0.176
254,0.488,0.358,0.154
255,0.18,0.236,0.584
256,0.368,0.508,0.124
257,0.238,0.662,0.1
258,0.64,0.266,0.094
259,0.096,0.802,0.102
260,0.066,0.242,0.692
261,0.086,0.334,0.58
262,0.198,0.304,0.498
263,0.248,0.62,0.132
264,0.114,0.758,0.128
265,0.518,0.336,0.146
266,0.388,0.296,0.316
267,0.39,0.566,0.044
268,0.044,0.878,0.078
269,0.988,0.01,0.002
270,0.704,0.182,0.114
271,0.618,0.26,0.122
272,0.154,0.612,0.234
273,0.694,0.252,0.054
274,0.178,0.234,0.588
275,0.11,0.416,0.474
276,0.226,0.36,0.414
277,0.038,0.384,0.578
278,0.118,0.73,0.152
279,0.018,0.498,0.484
280,0.756,0.224,0.02
281,0.352,0.29,0.358
282,0.56,0.294,0.146
283,0.948,0.048,0.004
284,0.878,0.092,0.03
285,0.206,0.262,0.532
286,0.028,0.566,0.406
287,0.164,0.428,0.408
288,0.128,0.35,0.522
289,0.044,0.258,0.698
290,0.064,0.538,0.398
291,0.61,0.316,0.074
292,0.014,0.114,0.872
293,0.192,0.37,0.438
294,0.84,0.132,0.028
295,0.562,0.334,0.104
296,0.25,0.368,0.382
297,0.236,0.674,0.09
298,0.086,0.284,0.63
299,0.054,0.196,0.75
300,0.616,0.242,0.142
301,0.028,0.366,0.606
302,0.316,0.492,0.192
303,0.012,0.562,0.426
304,0.766,0.174,0.06
305,0.624,0.218,0.158
306,0.07,0.534,0.396
307,0.182,0.454,0.364
308,0.386,0.58,0.034
309,0.412,0.438,0.15
310,0.492,0.266,0.242
311,0.478,0.508,0.014
312,0.352,0.222,0.426
313,0.13,0.41,0.46
314,0.092,0.768,0.14
315,0.024,0.074,0.902
316,0.26,0.472,0.268
317,0.338,0.342,0.32
318,0.468,0.41,0.122
319,0.144,0.514,0.342
320,0.294,0.66,0.046
321,0.06,0.142,0.798
322,0.462,0.206,0.332
323,0.036,0.18,0.784
324,0.84,0.122,0.038
325,0.1,0.316,0.584
326,0.228,0.454,0.318
327,0.382,0.476,0.142
328,0.058,0.822,0.12
329,0.524,0.368,0.108
330,0.498,0.41,0.092
331,0.05,0.464,0.486
332,0.734,0.166,0.1
333,0.068,0.38,0.552
334,0.284,0.576,0.14
335,0.008,0.02,0.972
336,0.142,0.796,0.062
337,0.25,0.542,0.208
338,0.16,0.302,0.538
339,0.268,0.606,0.126
340,0.908,0.048,0.044
341,0.21,0.572,0.218
342,0.686,0.24,0.074
343,0.416,0.514,0.07
344,0.288,0.442,0.27
345,0.032,0.22,0.748
346,0.42,0.426,0.154
347,0.46,0.416,0.124
348,0.386,0.414,0.2
349,0.326,0.574,0.1
350,0.41,0.336,0.254
351,0.416,0.446,0.138
352,0.218,0.684,0.098
353,0.086,0.166,0.748
354,0.044,0.05,0.906
355,0.48,0.474,0.046
356,0.156,0.214,0.63
357,0.058,0.09,0.852
358,0.238,0.504,0.258
359,0.552,0.206,0.242
360,0.596,0.196,0.208
361,0.144,0.146,0.71
362,0.01,0.1,0.89
363,0.48,0.304,0.216
364,0.596,0.33,0.074
365,0.616,0.172,0.212
366,0.158,0.402,0.44
367,0.182,0.34,0.478
368,0.808,0.08,0.112
369,0.288,0.292,0.42
370,0.142,0.612,0.246
371,0.026,0.184,0.79
372,0.62,0.23,0.15
373,0.598,0.312,0.09
374,0.168,0.638,0.194
375,0.936,0.062,0.002
376,0.07,0.726,0.204
377,0.45,0.436,0.114
378,0.23,0.212,0.558
379,0.16,0.546,0.294
380,0.164,0.436,0.4
381,0.856,0.126,0.018
382,0.386,0.38,0.234
383,0.258,0.596,0.146
384,0.722,0.216,0.062
385,0.93,0.06,0.01
386,0.21,0.144,0.646
387,0.152,0.708,0.14
388,0.118,0.774,0.108
389,0.374,0.52,0.106
390,0.036,0.05,0.914
391,0.17,0.336,0.494
392,0.316,0.478,0.206
393,0.482,0.464,0.054
394,0.698,0.282,0.02
395,0.17,0.112,0.718
396,0.144,0.34,0.516
397,0.208,0.472,0.32
398,0.614,0.208,0.178
399,0.35,0.36,0.29
400,0.792,0.146,0.062
401,0.738,0.16,0.102
402,0.45,0.484,0.066
403,0.52,0.182,0.298
404,0.512,0.278,0.21
405,0.038,0.146,0.816
406,0.028,0.964,0.008
407,0.898,0.092,0.01
408,0.78,0.134,0.086
409,0.61,0.246,0.144
410,0.126,0.458,0.416
411,0.182,0.566,0.252
412,0.436,0.426,0.138
413,0.07,0.198,0.732
414,0.784,0.158,0.058
415,0.796,0.152,0.052
416,0.484,0.318,0.198
417,0.608,0.212,0.18
418,0.44,0.51,0.05
419,0.452,0.184,0.364
420,0.084,0.678,0.238
421,0.61,0.288,0.102
422,0.364,0.35,0.286
423,0.644,0.322,0.034
424,0.562,0.126,0.312
425,0.52,0.35,0.13
426,0.45,0.298,0.252
427,0.004,0.828,0.168
428,0.22,0.398,0.382
429,0.014,0.066,0.92
430,0.718,0.216,0.066
431,0.762,0.176,0.062
432,0.782,0.182,0.036
433,0.282,0.476,0.242
434,0.08,0.152,0.768
435,0.79,0.112,0.098
436,0.544,0.15,0.306
437,0.306,0.358,0.336
438,0.29,0.548,0.162
439,0.128,0.426,0.446
440,0.18,0.268,0.552
441,0.014,0.114,0.872
442,0.254,0.486,0.26
443,0.388,0.442,0.17
444,0.42,0.338,0.242
445,0.922,0.044,0.034
446,0.006,0.646,0.348
447,0.524,0.428,0.048
448,0.646,0.268,0.086
449,0.676,0.23,0.094
450,0.162,0.666,0.172
451,0.554,0.318,0.128
452,0.422,0.38,0.198
453,0.592,0.296,0.112
454,0.238,0.502,0.26
455,0.682,0.306,0.012
456,0.644,0.14,0.216
457,0.132,0.132,0.736
458,0.588,0.306,0.106
459,0.418,0.414,0.168
460,0.214,0.192,0.594
461,0.266,0.524,0.21
462,0.742,0.184,0.074
463,0.308,0.3,0.392
464,0.944,0.046,0.01
465,0.132,0.578,0.29
466,0.454,0.452,0.094
467,0.354,0.398,0.248
468,0.352,0.402,0.246
469,0.076,0.302,0.622
470,0.052,0.452,0.496
471,0.612,0.278,0.11
472,0.438,0.306,0.256
473,0.556,0.144,0.3
474,0.502,0.408,0.09
475,0.936,0.034,0.03
476,0.492,0.294,0.214
477,0.542,0.382,0.076
478,0.03,0.806,0.164
479,0.706,0.15,0.144
480,0.23,0.57,0.2
481,0.984,0.014,0.002
482,0.184,0.586,0.23
483,0.568,0.374,0.058
484,0.104,0.386,0.51
485,0.298,0.346,0.356
486,0.358,0.488,0.154
487,0.178,0.604,0.218
488,0.086,0.738,0.176
489,0.14,0.374,0.486
490,0.444,0.474,0.082
491,0.142,0.712,0.146
492,0.732,0.248,0.02
493,0.714,0.114,0.172
494,0.276,0.392,0.332
495,0.134,0.436,0.43
496,0.694,0.116,0.19
497,0.606,0.256,0.138
498,0.08,0.124,0.796
499,0.364,0.288,0.348
500,0.936,0.036,0.028
501,0.18,0.414,0.406
502,0.08,0.1,0.82
503,0,0.01,0.99
504,0.486,0.414,0.1
505,0.108,0.8,0.092
506,0.07,0.162,0.768
507,0.704,0.268,0.028
508,0.224,0.28,0.496
509,0.034,0.32,0.646
510,0.504,0.344,0.152
511,0.074,0.094,0.832
512,0.126,0.296,0.578
513,0.196,0.362,0.442
514,0.206,0.792,0.002
515,0.276,0.322,0.402
516,0.47,0.434,0.096
517,0.532,0.362,0.106
518,0.26,0.13,0.61
519,0.95,0.046,0.004
520,0.41,0.416,0.174
521,0.214,0.512,0.274
522,0.684,0.248,0.068
523,0.834,0.156,0.01
524,0.184,0.48,0.336
525,0.972,0.022,0.006
526,0.382,0.49,0.128
527,0.462,0.452,0.086
528,0.03,0.198,0.772
529,0.004,0.114,0.882
530,0.924,0.046,0.03
531,0.21,0.512,0.278
532,0.274,0.3,0.426
533,0.066,0.536,0.398
534,0.332,0.52,0.148
535,0.102,0.286,0.612
536,0.28,0.38,0.34
537,0.704,0.218,0.078
538,0.196,0.556,0.248
539,0.864,0.084,0.052
540,0.56,0.31,0.13
541,0.078,0.126,0.796
542,0.572,0.174,0.254
543,0.576,0.24,0.184
544,0.066,0.498,0.436
545,0.034,0.86,0.106
546,0.416,0.426,0.158
547,0.472,0.39,0.138
548,0.682,0.268,0.05
549,0.368,0.496,0.136
550,0.046,0.32,0.634
551,0.104,0.678,0.218
552,0.38,0.446,0.174
553,0.662,0.274,0.064
554,0.794,0.186,0.02
555,0.016,0.074,0.91
556,0.254,0.46,0.286
557,0.314,0.362,0.324
558,0.216,0.38,0.404
559,0.564,0.406,0.03
560,0.464,0.416,0.12
561,0.42,0.53,0.05
562,0.03,0.08,0.89
563,0.762,0.184,0.054
564,0.234,0.684,0.082
565,0.05,0.586,0.364
566,0.496,0.398,0.106
567,0.174,0.718,0.108
568,0.338,0.398,0.264
569,0.146,0.33,0.524
570,0.862,0.094,0.044
571,0.598,0.346,0.056
572,0.452,0.462,0.086
573,0.172,0.26,0.568
574,0.138,0.338,0.524
575,0.466,0.37,0.164
576,0.092,0.534,0.374
577,0.848,0.108,0.044
578,0.22,0.396,0.384
579,0.924,0.068,0.008
580,0.2,0.342,0.458
581,0.232,0.636,0.132
582,0.402,0.458,0.14
583,0.656,0.226,0.118
584,0.244,0.164,0.592
585,0.086,0.436,0.478
586,0.532,0.358,0.11
587,0.442,0.36,0.198
588,0.144,0.57,0.286
589,0.69,0.21,0.1
590,0.558,0.374,0.068
591,0.082,0.6,0.318
592,0.252,0.472,0.276
593,0.556,0.416,0.028
594,0.098,0.678,0.224
595,0.184,0.55,0.266
596,0.294,0.556,0.15
597,0.148,0.492,0.36
598,0.228,0.356,0.416
599,0.226,0.66,0.114
600,0.826,0.162,0.012
601,0.984,0.014,0.002
602,0.398,0.336,0.266
603,0.14,0.472,0.388
604,0.624,0.318,0.058
605,0.012,0.778,0.21
606,0.11,0.512,0.378
607,0.096,0.144,0.76
608,0.028,0.694,0.278
609,0.126,0.296,0.578
610,0.112,0.18,0.708
611,0.954,0.044,0.002
612,0.456,0.466,0.078
613,0.396,0.364,0.24
614,0.628,0.296,0.076
615,0.432,0.348,0.22
616,0.248,0.714,0.038
617,0.174,0.408,0.418
618,0.89,0.08,0.03
619,0.416,0.392,0.192
620,0.424,0.282,0.294
621,0.27,0.248,0.482
622,0.67,0.262,0.068
623,0.04,0.228,0.732
624,0.794,0.13,0.076
625,0.346,0.578,0.076
626,0.334,0.166,0.5
627,0.074,0.14,0.786
628,0.76,0.176,0.064
629,0.94,0.056,0.004
630,0.694,0.148,0.158
631,0.096,0.476,0.428
632,0.164,0.684,0.152
633,0.456,0.142,0.402
634,0.594,0.29,0.116
635,0.166,0.396,0.438
636,0.666,0.324,0.01
637,0.1,0.466,0.434
638,0.456,0.344,0.2
639,0.326,0.53,0.144
640,0.742,0.23,0.028
641,0.042,0.702,0.256
642,0.744,0.194,0.062
643,0.18,0.416,0.404
644,0.604,0.14,0.256
645,0.782,0.196,0.022
646,0.176,0.702,0.122
647,0.034,0.798,0.168
648,0.986,0.012,0.002
649,0.364,0.364,0.272
650,0.58,0.34,0.08
651,0.252,0.346,0.402
652,0.868,0.124,0.008
653,0.176,0.288,0.536
654,0.412,0.392,0.196
655,0.542,0.402,0.056
656,0.57,0.39,0.04
657,0.196,0.206,0.598
658,0.058,0.436,0.506
659,0.43,0.332,0.238
660,0.018,0.568,0.414
661,0.42,0.486,0.094
662,0.872,0.118,0.01
663,0.75,0.214,0.036
664,0.108,0.7,0.192
665,0.114,0.524,0.362
666,0.072,0.548,0.38
667,0.144,0.496,0.36
668,0.216,0.266,0.518
669,0.344,0.544,0.112
670,0.082,0.334,0.584
671,0.258,0.418,0.324
672,0.07,0.054,0.876
673,0.084,0.392,0.524
674,0.768,0.168,0.064
675,0.102,0.442,0.456
676,0.538,0.422,0.04
677,0.84,0.072,0.088
678,0.04,0.89,0.07
679,0.346,0.476,0.178
680,0.164,0.484,0.352
681,0,0.526,0.474
682,0.03,0.584,0.386
683,0.486,0.414,0.1
684,0.064,0.89,0.046
685,0.35,0.496,0.154
686,0.008,0.202,0.79
687,0.694,0.23,0.076
688,0.246,0.656,0.098
689,0.438,0.494,0.068
690,0.476,0.382,0.142
691,0.588,0.274,0.138
692,0.58,0.27,0.15
693,0.294,0.54,0.166
694,0.358,0.528,0.114
695,0.338,0.392,0.27
696,0.194,0.402,0.404
697,0.26,0.476,0.264
698,0.808,0.156,0.036
699,0.004,0.052,0.944
700,0.368,0.412,0.22
701,0.268,0.124,0.608
702,0.328,0.122,0.55
703,0.354,0.516,0.13
704,0.102,0.46,0.438
705,0.408,0.37,0.222
706,0.27,0.286,0.444
707,0.512,0.44,0.048
708,0.26,0.604,0.136
709,0.74,0.214,0.046
710,0.716,0.18,0.104
711,0.366,0.556,0.078
712,0.244,0.606,0.15
713,0.234,0.604,0.162
714,0.092,0.216,0.692
715,0.012,0.79,0.198
716,0.37,0.23,0.4
717,0.082,0.374,0.544
718,0.69,0.22,0.09
719,0.676,0.21,0.114
720,0.31,0.5,0.19
721,0.788,0.142,0.07
722,0.966,0.028,0.006
723,0.522,0.226,0.252
724,0.102,0.676,0.222
725,0.52,0.418,0.062
726,0.074,0.178,0.748
727,0.002,0.5,0.498
728,0.092,0.38,0.528
729,0.732,0.196,0.072
730,0.926,0.062,0.012
731,0.006,0.124,0.87
732,0.166,0.462,0.372
733,0.736,0.18,0.084
734,0.35,0.436,0.214
735,0.24,0.51,0.25
736,0.832,0.16,0.008
737,0.618,0.318,0.064
738,0.268,0.632,0.1
739,0.03,0.804,0.166
740,0.224,0.342,0.434
741,0.95,0.04,0.01
742,0.618,0.166,0.216
743,0.544,0.344,0.112
744,0.238,0.49,0.272
745,0.172,0.766,0.062
746,0.822,0.108,0.07
747,0.126,0.27,0.604
748,0.128,0.172,0.7
749,0.56,0.328,0.112
750,0.084,0.152,0.764
751,0.056,0.724,0.22
752,0.282,0.454,0.264
753,0.002,0.718,0.28
754,0.692,0.196,0.112
755,0.31,0.524,0.166
756,0.64,0.254,0.106
757,0.29,0.45,0.26
758,0.004,0.828,0.168
759,0.226,0.382,0.392
760,0.05,0.27,0.68
761,0.762,0.182,0.056
762,0.442,0.476,0.082
763,0.088,0.872,0.04
764,0.9,0.068,0.032
765,0.478,0.384,0.138
766,0.03,0.82,0.15
767,0.85,0.128,0.022
768,0.47,0.426,0.104
769,0.16,0.278,0.562
770,0.782,0.21,0.008
771,0.694,0.208,0.098
772,0.148,0.51,0.342
773,0.172,0.464,0.364
774,0.22,0.596,0.184
775,0.094,0.422,0.484
776,0.624,0.33,0.046
777,0.07,0.354,0.576
778,0.582,0.286,0.132
779,0.792,0.158,0.05
780,0.16,0.45,0.39
781,0.582,0.334,0.084
782,0.736,0.228,0.036
783,0.512,0.148,0.34
784,0.098,0.25,0.652
785,0.682,0.264,0.054
786,0.612,0.322,0.066
787,0.448,0.422,0.13
788,0.146,0.466,0.388
789,0.126,0.354,0.52
790,0.308,0.196,0.496
791,0.114,0.7,0.186
792,0.07,0.26,0.67
793,0.758,0.128,0.114
794,0.644,0.212,0.144
795,0.056,0.308,0.636
796,0.158,0.698,0.144
797,0.03,0.032,0.938
798,0.334,0.426,0.24
799,0.818,0.104,0.078
800,0.178,0.618,0.204
801,0.226,0.368,0.406
802,0.05,0.81,0.14
803,0.51,0.326,0.164
804,0.066,0.162,0.772
805,0.148,0.662,0.19
806,0.726,0.228,0.046
807,0.754,0.086,0.16
808,0.276,0.642,0.082
809,0.55,0.376,0.074
810,0.184,0.612,0.204
811,0.528,0.438,0.034
812,0.256,0.58,0.164
813,0.11,0.456,0.434
814,0.498,0.378,0.124
815,0.94,0.036,0.024
816,0.206,0.662,0.132
817,0.634,0.238,0.128
818,0.172,0.314,0.514
819,0.956,0.01,0.034
820,0.658,0.318,0.024
821,0.442,0.436,0.122
822,0.248,0.258,0.494
823,0.134,0.19,0.676
824,0.586,0.368,0.046
825,0.356,0.434,0.21
826,0.084,0.164,0.752
827,0.636,0.132,0.232
828,0.058,0.288,0.654
829,0.518,0.418,0.064
830,0.306,0.676,0.018
831,0.144,0.464,0.392
832,0.506,0.436,0.058
833,0.67,0.308,0.022
834,0.686,0.238,0.076
835,0.01,0.7,0.29
836,0.49,0.362,0.148
837,0.236,0.42,0.344
838,0.218,0.308,0.474
839,0.048,0.102,0.85
840,0.072,0.858,0.07
841,0.274,0.128,0.598
842,0.632,0.278,0.09
843,0.456,0.446,0.098
844,0.482,0.284,0.234
845,0.812,0.098,0.09
846,0.17,0.51,0.32
847,0.196,0.31,0.494
848,0.008,0.066,0.926
849,0.186,0.62,0.194
850,0.856,0.124,0.02
851,0.022,0.144,0.834
852,0.77,0.204,0.026
853,0.182,0.386,0.432
854,0.31,0.544,0.146
855,0.482,0.278,0.24
856,0.856,0.046,0.098
857,0.626,0.314,0.06
858,0.512,0.314,0.174
859,0.204,0.262,0.534
860,0.89,0.05,0.06
861,0.006,0.2,0.794
862,0.64,0.284,0.076
863,0.632,0.322,0.046
864,0.256,0.566,0.178
865,0.45,0.466,0.084
866,0.732,0.17,0.098
867,0.092,0.894,0.014
868,0.184,0.35,0.466
869,0.68,0.238,0.082
870,0.484,0.358,0.158
871,0.568,0.348,0.084
872,0.196,0.548,0.256
873,0.938,0.05,0.012
874,0.804,0.138,0.058
875,0.52,0.304,0.176
876,0.024,0.236,0.74
877,0.674,0.308,0.018
878,0.334,0.568,0.098
879,0.236,0.592,0.172
880,0.308,0.286,0.406
881,0.856,0.132,0.012
882,0.344,0.072,0.584
883,0.99,0.01,0
884,0.25,0.348,0.402
885,0.126,0.61,0.264
886,0.532,0.394,0.074
887,0.44,0.526,0.034
888,0.158,0.336,0.506
889,0.426,0.468,0.106
890,0.532,0.438,0.03
891,0.178,0.294,0.528
892,0.192,0.278,0.53
893,0.032,0.316,0.652
894,0.642,0.322,0.036
895,0.21,0.352,0.438
896,0.384,0.582,0.034
897,0.436,0.456,0.108
898,0.604,0.288,0.108
899,0.852,0.108,0.04
900,0.148,0.75,0.102
901,0.578,0.324,0.098
902,0.006,0.014,0.98
903,0.068,0.766,0.166
904,0.086,0.544,0.37
905,0.712,0.264,0.024
906,0.046,0.804,0.15
907,0.974,0.022,0.004
908,0.568,0.312,0.12
909,0.064,0.612,0.324
910,0.636,0.224,0.14
911,0.198,0.38,0.422
912,0.142,0.754,0.104
913,0.494,0.4,0.106
914,0.692,0.196,0.112
915,0.25,0.246,0.504
916,0.038,0.802,0.16
917,0.19,0.704,0.106
918,0.15,0.37,0.48
919,0.294,0.286,0.42
920,0.984,0.01,0.006
921,0.11,0.33,0.56
922,0.048,0.172,0.78
923,0.256,0.652,0.092
924,0.11,0.638,0.252
925,0.086,0.716,0.198
926,0.584,0.176,0.24
927,0.01,0.842,0.148
928,0.19,0.606,0.204
929,0.982,0.012,0.006
930,0.864,0.1,0.036
931,0.176,0.478,0.346
932,0.584,0.268,0.148
933,0.082,0.676,0.242
934,0.898,0.062,0.04
935,0.154,0.572,0.274
936,0.632,0.352,0.016
937,0.92,0.078,0.002
938,0.992,0.006,0.002
939,0.168,0.204,0.628
940,0.69,0.238,0.072
941,0.514,0.382,0.104
942,0.594,0.334,0.072
943,0.126,0.296,0.578
944,0.164,0.126,0.71
945,0.094,0.26,0.646
946,0.362,0.44,0.198
947,0.01,0.826,0.164
948,0.606,0.192,0.202
949,0.534,0.266,0.2
950,0.744,0.208,0.048
951,0.586,0.314,0.1
952,0.47,0.422,0.108
953,0.312,0.462,0.226
954,0.384,0.358,0.258
955,0.078,0.18,0.742
956,0.202,0.598,0.2
957,0.082,0.742,0.176
958,0.776,0.172,0.052
959,0.34,0.328,0.332
960,0.172,0.106,0.722
961,0.16,0.476,0.364
962,0.238,0.56,0.202
963,0,0.22,0.78
964,0.052,0.102,0.846
965,0.066,0.132,0.802
966,0.102,0.26,0.638
967,0.304,0.392,0.304
968,0.38,0.586,0.034
969,0.17,0.32,0.51
970,0.35,0.482,0.168
971,0.444,0.41,0.146
972,0.352,0.54,0.108
973,0.304,0.54,0.156
974,0.294,0.348,0.358
975,0.52,0.374,0.106
976,0.526,0.354,0.12
977,0.24,0.286,0.474
978,0.218,0.542,0.24
979,0.038,0.654,0.308
980,0.088,0.744,0.168
981,0.798,0.196,0.006
982,0.818,0.128,0.054
983,0.886,0.042,0.072
984,0.284,0.274,0.442
985,0.658,0.294,0.048
986,0.312,0.444,0.244
987,0.668,0.302,0.03
988,0.608,0.302,0.09
989,0.164,0.438,0.398
990,0.034,0.822,0.144
991,0.472,0.266,0.262
992,0.596,0.32,0.084
993,0.004,0.094,0.902
994,0.79,0.182,0.028
995,0.476,0.398,0.126
996,0.068,0.3,0.632
997,0.134,0.584,0.282
998,0.208,0.192,0.6
999,0.788,0.172,0.04
1000,0.254,0.186,0.56
1001,0.262,0.49,0.248
1002,0.512,0.412,0.076
1003,0.158,0.792,0.05
1004,0.01,0.74,0.25
1005,0.542,0.41,0.048
1006,0.318,0.236,0.446
1007,0.624,0.276,0.1
1008,0.25,0.366,0.384
1009,0.256,0.454,0.29
1010,0.754,0.182,0.064
1011,0.43,0.378,0.192
1012,0.64,0.318,0.042
1013,0.382,0.53,0.088
1014,0.592,0.142,0.266
1015,0.186,0.486,0.328
1016,0.158,0.754,0.088
1017,0.028,0.254,0.718
1018,0.92,0.076,0.004
1019,0.18,0.514,0.306
1020,0.93,0.06,0.01
1021,0.932,0.068,0
1022,0.782,0.168,0.05
1023,0.226,0.174,0.6
1024,0.276,0.57,0.154
1025,0.038,0.24,0.722
1026,0.714,0.234,0.052
1027,0.758,0.22,0.022
1028,0.384,0.402,0.214
1029,0.224,0.242,0.534
1030,0.024,0.076,0.9
1031,0.752,0.154,0.094
1032,0.412,0.504,0.084
1033,0.334,0.636,0.03
1034,0.226,0.486,0.288
1035,0.43,0.376,0.194
1036,0.196,0.314,0.49
1037,0.23,0.546,0.224
1038,0.076,0.24,0.684
1039,0.25,0.446,0.304
1040,0.008,0.134,0.858
1041,0.094,0.118,0.788
1042,0.482,0.48,0.038
1043,0.99,0.01,0
1044,0.11,0.166,0.724
1045,0.114,0.34,0.546
1046,0.43,0.41,0.16
1047,0.456,0.348,0.196
1048,0.658,0.228,0.114
1049,0.05,0.134,0.816
1050,0.198,0.59,0.212
1051,0.41,0.402,0.188
1052,0.106,0.782,0.112
1053,0.21,0.5,0.29
1054,0.462,0.406,0.132
1055,0.602,0.324,0.074
1056,0.726,0.202,0.072
1057,0.72,0.226,0.054
1058,0.558,0.35,0.092
1059,0.038,0.622,0.34
1060,0.988,0.012,0
1061,0.26,0.714,0.026
1062,0.072,0.688,0.24
1063,0.398,0.47,0.132
1064,0.76,0.188,0.052
1065,0.872,0.112,0.016
1066,0.168,0.192,0.64
1067,0.708,0.194,0.098
1068,0.852,0.106,0.042
1069,0.26,0.592,0.148
1070,0.624,0.342,0.034
1071,0.524,0.336,0.14
1072,0.69,0.208,0.102
1073,0.142,0.51,0.348
1074,0.014,0.186,0.8
1075,0.482,0.392,0.126
1076,0.466,0.424,0.11
1077,0.732,0.238,0.03
1078,0.392,0.448,0.16
1079,0.05,0.098,0.852
1080,0.066,0.162,0.772
1081,0.822,0.092,0.086
1082,0.13,0.454,0.416
1083,0.018,0.848,0.134
1084,0.484,0.17,0.346
1085,0.83,0.154,0.016
1086,0.132,0.468,0.4
1087,0.07,0.77,0.16
1088,0.934,0.056,0.01
1089,0.098,0.9,0.002
1090,0.13,0.464,0.406
1091,0.464,0.274,0.262
1092,0.436,0.464,0.1
1093,0.694,0.21,0.096
1094,0.786,0.182,0.032
1095,0.446,0.456,0.098
1096,0.478,0.378,0.144
1097,0.212,0.582,0.206
1098,0.812,0.126,0.062
1099,0.552,0.234,0.214
1100,0.146,0.644,0.21
1101,0.54,0.422,0.038
1102,0.22,0.63,0.15
1103,0.684,0.3,0.016
1104,0.872,0.116,0.012
1105,0.954,0.042,0.004
1106,0.646,0.288,0.066
1107,0.786,0.172,0.042
1108,0.302,0.426,0.272
1109,0.99,0.01,0
1110,0.092,0.078,0.83
1111,0.288,0.152,0.56
1112,0.626,0.338,0.036
1113,0.996,0.004,0
1114,0.674,0.238,0.088
1115,0.768,0.166,0.066
1116,0.406,0.34,0.254
1117,0.342,0.588,0.07
1118,0.514,0.362,0.124
1119,0.258,0.642,0.1
1120,0.49,0.46,0.05
1121,0.468,0.364,0.168
1122,0.162,0.364,0.474
1123,0.494,0.46,0.046
1124,0.428,0.446,0.126
1125,0.13,0.418,0.452
1126,0.564,0.22,0.216
1127,0.346,0.324,0.33
1128,0.166,0.516,0.318
1129,0.204,0.136,0.66
1130,0.292,0.536,0.172
1131,0.256,0.476,0.268
1132,0.276,0.278,0.446
1133,0.782,0.17,0.048
1134,0.062,0.126,0.812
1135,0.222,0.422,0.356
1136,0.098,0.108,0.794
1137,0.168,0.76,0.072
1138,0.39,0.36,0.25
1139,0.2,0.306,0.494
1140,0.352,0.472,0.176
1141,0.36,0.432,0.208
1142,0.986,0.014,0
1143,0.328,0.402,0.27
1144,0.468,0.308,0.224
1145,0.18,0.664,0.156
1146,0.328,0.35,0.322
1147,0.334,0.492,0.174
1148,0.168,0.404,0.428
1149,0.438,0.306,0.256
1150,0.186,0.632,0.182
1151,0.728,0.196,0.076
1152,0.294,0.392,0.314
1153,0.978,0.022,0
1154,0.452,0.184,0.364
1155,0.908,0.052,0.04
1156,0.28,0.414,0.306
1157,0.344,0.49,0.166
1158,0.188,0.674,0.138
1159,0.224,0.758,0.018
1160,0.476,0.452,0.072
1161,0.154,0.548,0.298
1162,0.124,0.448,0.428
1163,0.804,0.104,0.092
1164,0.504,0.474,0.022
1165,0.162,0.62,0.218
1166,0.64,0.324,0.036
1167,0.222,0.57,0.208
1168,0.61,0.348,0.042
1169,0.864,0.082,0.054
1170,0.134,0.522,0.344
1171,0.066,0.802,0.132
1172,0.386,0.556,0.058
1173,0.578,0.302,0.12
1174,0.442,0.366,0.192
1175,0.236,0.382,0.382
1176,0.026,0.146,0.828
1177,0.838,0.13,0.032
1178,0.528,0.354,0.118
1179,0.712,0.228,0.06
1180,0.194,0.402,0.404
1181,0.302,0.45,0.248
1182,0.202,0.464,0.334
1183,0.182,0.51,0.308
1184,0.942,0.018,0.04
1185,0.456,0.526,0.018
1186,0.12,0.372,0.508
1187,0.9,0.09,0.01
1188,0.272,0.65,0.078
1189,0.032,0.61,0.358
1190,0.24,0.31,0.45
1191,0.704,0.256,0.04
1192,0.56,0.264,0.176
1193,0.492,0.298,0.21
1194,0.328,0.3,0.372
1195,0.116,0.56,0.324
1196,0.276,0.346,0.378
1197,0.67,0.252,0.078
1198,0.144,0.074,0.782
1199,0.222,0.662,0.116
1200,0.328,0.216,0.456
1201,0.958,0.04,0.002
1202,0.102,0.286,0.612
1203,0.878,0.1,0.022
1204,0.29,0.488,0.222
1205,0.186,0.24,0.574
1206,0.154,0.302,0.544
1207,0.85,0.146,0.004
1208,0.72,0.222,0.058
1209,0.33,0.542,0.128
1210,0.246,0.676,0.078
1211,0.338,0.34,0.322
1212,0.68,0.184,0.136
1213,0.058,0.258,0.684
1214,0.204,0.534,0.262
1215,0.082,0.822,0.096
1216,0.72,0.264,0.016
1217,0.836,0.124,0.04
1218,0.188,0.366,0.446
1219,0.432,0.43,0.138
1220,0.266,0.676,0.058
1221,0.588,0.38,0.032
1222,0.274,0.508,0.218
1223,0.252,0.558,0.19
1224,0.862,0.12,0.018
1225,0.144,0.436,0.42
1226,0.194,0.482,0.324
1227,0.016,0.808,0.176
1228,0.022,0.148,0.83
1229,0.172,0.314,0.514
1230,0.644,0.312,0.044
1231,0.072,0.34,0.588
1232,0.68,0.206,0.114
1233,0.578,0.33,0.092
1234,0.316,0.522,0.162
1235,0.832,0.164,0.004
1236,0.836,0.116,0.048
1237,0.194,0.56,0.246
1238,0.082,0.388,0.53
1239,0.242,0.44,0.318
1240,0.736,0.208,0.056
1241,0.128,0.448,0.424
1242,0.002,0.042,0.956
1243,0.086,0.126,0.788
1244,0.174,0.296,0.53
1245,0.202,0.738,0.06
1246,0.392,0.386,0.222
1247,0.28,0.382,0.338
1248,0.032,0.098,0.87
1249,0.946,0.05,0.004
1250,0.234,0.702,0.064
1251,0.278,0.436,0.286
1252,0.326,0.528,0.146
1253,0.058,0.85,0.092
1254,0.536,0.428,0.036
1255,0.66,0.258,0.082
1256,0.16,0.302,0.538
1257,0.904,0.092,0.004
1258,0.668,0.152,0.18
1259,0.242,0.546,0.212
1260,0.348,0.592,0.06
1261,0.65,0.234,0.116
1262,0.46,0.396,0.144
1263,0.864,0.116,0.02
1264,0.072,0.082,0.846
1265,0.086,0.632,0.282
1266,0.22,0.442,0.338
1267,0.576,0.304,0.12
1268,0.208,0.608,0.184
1269,0.944,0.038,0.018
1270,0.944,0.052,0.004
1271,0.482,0.264,0.254
1272,0.316,0.354,0.33
1273,0.538,0.324,0.138
1274,0.152,0.258,0.59
1275,0.106,0.622,0.272
1276,0.388,0.436,0.176
1277,0.274,0.412,0.314
1278,0.402,0.356,0.242
1279,0.54,0.29,0.17
1280,0.766,0.174,0.06
1281,0.116,0.796,0.088
1282,0.114,0.212,0.674
1283,0.982,0.016,0.002
1284,0.7,0.208,0.092
1285,0.608,0.32,0.072
1286,0.14,0.472,0.388
1287,0.972,0.02,0.008
1288,0.412,0.356,0.232
1289,0.052,0.384,0.564
1290,0.01,0.362,0.628
1291,0.134,0.428,0.438
1292,0.534,0.312,0.154
1293,0.168,0.2,0.632
1294,0.608,0.13,0.262
1295,0.004,0.018,0.978
1296,0.054,0.378,0.568
1297,0.468,0.48,0.052
1298,0.558,0.364,0.078
1299,0.338,0.456,0.206
1300,0.11,0.428,0.462
1301,0.446,0.31,0.244
1302,0.13,0.158,0.712
1303,0.132,0.674,0.194
1304,0.854,0.134,0.012
1305,0.114,0.656,0.23
1306,0.044,0.45,0.506
1307,0.844,0.128,0.028
1308,0.486,0.354,0.16
1309,0.048,0.526,0.426
1310,0.286,0.232,0.482
1311,0.458,0.38,0.162
1312,0.126,0.614,0.26
1313,0.524,0.38,0.096
1314,0.584,0.326,0.09
1315,0.254,0.35,0.396
1316,0.126,0.77,0.104
1317,0.016,0.228,0.756
1318,0.052,0.902,0.046
1319,0.22,0.344,0.436
1320,0.736,0.202,0.062
1321,0.216,0.278,0.506
1322,0.556,0.414,0.03
1323,0.01,0.024,0.966
1324,0.12,0.186,0.694
1325,0.52,0.386,0.094
1326,0.654,0.192,0.154
1327,0.588,0.274,0.138
1328,0.284,0.454,0.262
1329,0.788,0.196,0.016
1330,0.094,0.754,0.152
1331,0.272,0.438,0.29
1332,0.696,0.282,0.022
1333,0.856,0.104,0.04
1334,0.142,0.142,0.716
1335,0.664,0.25,0.086
1336,0.272,0.582,0.146
1337,0.686,0.242,0.072
1338,0.798,0.102,0.1
1339,0.278,0.502,0.22
1340,0.708,0.2,0.092
1341,0.604,0.3,0.096
1342,0.542,0.322,0.136
1343,0.216,0.342,0.442
1344,0.112,0.242,0.646
1345,0.344,0.552,0.104
1346,0.188,0.324,0.488
1347,0.778,0.216,0.006
1348,0.848,0.124,0.028
1349,0.182,0.666,0.152
1350,0.15,0.756,0.094
1351,0.3,0.632,0.068
1352,0.376,0.442,0.182
1353,0.31,0.316,0.374
1354,0.004,0.344,0.652
1355,0.264,0.558,0.178
1356,0.634,0.304,0.062
1357,0.898,0.09,0.012
1358,0.498,0.438,0.064
1359,0.154,0.402,0.444
1360,0.194,0.152,0.654
1361,0.942,0.044,0.014
1362,0.816,0.15,0.034
1363,0.702,0.242,0.056
1364,0.192,0.618,0.19
1365,0.062,0.354,0.584
1366,0.866,0.026,0.108
1367,0.452,0.378,0.17
1368,0.698,0.276,0.026
1369,0.544,0.422,0.034
1370,0.234,0.29,0.476
1371,0,0.02,0.98
1372,0.262,0.596,0.142
1373,0.158,0.15,0.692
1374,0.224,0.222,0.554
1375,0.512,0.358,0.13
1376,0.086,0.122,0.792
1377,0.61,0.342,0.048
1378,0.146,0.258,0.596
1379,0.122,0.612,0.266
1380,0.318,0.59,0.092
1381,0.448,0.468,0.084
1382,0.286,0.228,0.486
1383,0.116,0.474,0.41
1384,0.378,0.396,0.226
1385,0.822,0.17,0.008
1386,0.914,0.076,0.01
1387,0.348,0.592,0.06
1388,0.552,0.246,0.202
1389,0.5,0.464,0.036
1390,0.008,0.02,0.972
1391,0.118,0.282,0.6
1392,0.404,0.44,0.156
1393,0.312,0.332,0.356
1394,0.01,0.7,0.29
1395,0.066,0.478,0.456
1396,0.294,0.446,0.26
1397,0.374,0.194,0.432
1398,0.25,0.672,0.078
1399,0.082,0.122,0.796
1400,0.7,0.248,0.052
1401,0.098,0.476,0.426
1402,0.27,0.476,0.254
1403,0.358,0.162,0.48
1404,0.314,0.338,0.348
1405,0.746,0.234,0.02
1406,0.312,0.538,0.15
1407,0.104,0.684,0.212
1408,0.144,0.682,0.174
1409,0.878,0.068,0.054
1410,0.856,0.134,0.01
1411,0.104,0.842,0.054
1412,0.044,0.226,0.73
1413,0.786,0.196,0.018
1414,0.502,0.376,0.122
1415,0.294,0.4,0.306
1416,0.092,0.158,0.75
1417,0.262,0.432,0.306
1418,0.006,0.028,0.966
1419,0.842,0.12,0.038
1420,0.396,0.4,0.204
1421,0.89,0.1,0.01
1422,0.154,0.102,0.744
1423,0.18,0.54,0.28
1424,0.332,0.558,0.11
1425,0.794,0.172,0.034
1426,0.37,0.418,0.212
1427,0.05,0.908,0.042
1428,0.428,0.476,0.096
1429,0.52,0.398,0.082
1430,0.18,0.656,0.164
1431,0.018,0.066,0.916
1432,0.324,0.41,0.266
1433,0.176,0.56,0.264
1434,0.564,0.37,0.066
1435,0.106,0.746,0.148
1436,0.898,0.1,0.002
1437,0.224,0.29,0.486
1438,0.746,0.228,0.026
1439,0.89,0.078,0.032
1440,0.024,0.338,0.638
1441,0.044,0.198,0.758
1442,0.902,0.066,0.032
1443,0.708,0.216,0.076
1444,0.35,0.538,0.112
1445,0.72,0.206,0.074
1446,0.704,0.258,0.038
1447,0.674,0.25,0.076
1448,0.51,0.424,0.066
1449,0.002,0.04,0.958
1450,0.06,0.178,0.762
1451,0.184,0.6,0.216
1452,0.008,0.858,0.134
1453,0.508,0.268,0.224
1454,0.116,0.682,0.202
1455,0.968,0.028,0.004
1456,0.036,0.05,0.914
1457,0.502,0.356,0.142
1458,0.698,0.24,0.062
1459,0.554,0.284,0.162
1460,0.316,0.33,0.354
1461,0.224,0.52,0.256
1462,0.39,0.448,0.162
1463,0.072,0.082,0.846
1464,0.422,0.464,0.114
1465,0.158,0.752,0.09
1466,0.682,0.3,0.018
1467,0.288,0.286,0.426
1468,0.512,0.424,0.064
1469,0.724,0.24,0.036
1470,0.562,0.292,0.146
1471,0.282,0.448,0.27
1472,0.856,0.064,0.08
1473,0.238,0.388,0.374
1474,0.932,0.05,0.018
1475,0.384,0.436,0.18
1476,0.144,0.71,0.146
1477,0.206,0.612,0.182
1478,0.824,0.15,0.026
1479,0.018,0.268,0.714
1480,0.51,0.268,0.222
1481,0.18,0.506,0.314
1482,0.33,0.46,0.21
1483,0.126,0.776,0.098
1484,0.652,0.22,0.128
1485,0.514,0.384,0.102
1486,0.288,0.596,0.116
1487,0.218,0.56,0.222
1488,0.468,0.318,0.214
1489,0.064,0.822,0.114
1490,0.314,0.548,0.138
1491,0.874,0.036,0.09
1492,0.92,0.052,0.028
1493,0.858,0.138,0.004
1494,0.45,0.462,0.088
1495,0.704,0.258,0.038
1496,0.042,0.75,0.208
1497,0.644,0.16,0.196
1498,0.83,0.162,0.008
1499,0.018,0.568,0.414
1500,0.374,0.308,0.318
1501,0.292,0.336,0.372
1502,0.764,0.204,0.032
1503,0.548,0.416,0.036
1504,0.526,0.366,0.108
1505,0.572,0.204,0.224
1506,0.906,0.086,0.008
1507,0.346,0.084,0.57
1508,0.692,0.24,0.068
1509,0.506,0.428,0.066
1510,0.666,0.304,0.03
1511,0.2,0.75,0.05
1512,0.956,0.032,0.012
1513,0.03,0.29,0.68
1514,0.164,0.692,0.144
1515,0.006,0.428,0.566
1516,0,0.078,0.922
1517,0.076,0.236,0.688
1518,0.522,0.286,0.192
1519,0.232,0.66,0.108
1520,0.116,0.742,0.142
1521,0.376,0.364,0.26
1522,0.61,0.312,0.078
1523,0.01,0.076,0.914
1524,0.048,0.856,0.096
1525,0.384,0.346,0.27
1526,0.63,0.224,0.146
1527,0.542,0.23,0.228
1528,0.088,0.21,0.702
1529,0.222,0.45,0.328
1530,0.736,0.138,0.126
1531,0.4,0.424,0.176
1532,0.664,0.224,0.112
1533,0.632,0.254,0.114
1534,0.024,0.046,0.93
1535,0.186,0.494,0.32
1536,0.124,0.456,0.42
1537,0.102,0.338,0.56
1538,0.25,0.52,0.23
1539,0.562,0.328,0.11
1540,0.086,0.64,0.274
1541,0.36,0.37,0.27
1542,0.16,0.544,0.296
1543,0.758,0.204,0.038
1544,0.31,0.384,0.306
1545,0.054,0.718,0.228
1546,0.13,0.526,0.344
1547,0.85,0.128,0.022
1548,0.508,0.462,0.03
1549,0.416,0.5,0.084
1550,0.758,0.234,0.008
1551,0.532,0.316,0.152
1552,0.286,0.42,0.294
1553,0.152,0.22,0.628
1554,0.108,0.142,0.75
1555,0.16,0.662,0.178
1556,0.12,0.7,0.18
1557,0.156,0.162,0.682
1558,0.62,0.22,0.16
1559,0.038,0.444,0.518
1560,0.846,0.114,0.04
1561,0.342,0.408,0.25
1562,0.006,0.822,0.172
1563,0,0.526,0.474
1564,0.138,0.622,0.24
1565,0.94,0.058,0.002
1566,0.818,0.174,0.008
1567,0.764,0.23,0.006
1568,0.066,0.21,0.724
1569,0.236,0.282,0.482
1570,0.036,0.29,0.674
1571,0.262,0.432,0.306
1572,0.584,0.298,0.118
1573,0.094,0.46,0.446
1574,0.144,0.552,0.304
1575,0.036,0.05,0.914
1576,0.358,0.35,0.292
1577,0.478,0.39,0.132
1578,0.218,0.522,0.26
1579,0.664,0.208,0.128
1580,0.874,0.088,0.038
1581,0.61,0.338,0.052
1582,0.372,0.216,0.412
1583,0.09,0.23,0.68
1584,0.292,0.59,0.118
1585,0.944,0.056,0
1586,0.382,0.408,0.21
1587,0.528,0.2,0.272
1588,0.204,0.538,0.258
1589,0.22,0.584,0.196
1590,0.608,0.356,0.036
1591,0.906,0.088,0.006
1592,0.236,0.114,0.65
1593,0.762,0.168,0.07
1594,0.162,0.412,0.426
1595,0.908,0.08,0.012
1596,0.796,0.104,0.1
1597,0.486,0.414,0.1
1598,0.006,0.194,0.8
1599,0.674,0.238,0.088
1600,0.178,0.116,0.706
1601,0.64,0.336,0.024
1602,0.806,0.156,0.038
1603,0.312,0.252,0.436
1604,0.142,0.372,0.486
1605,0.482,0.444,0.074
1606,0.81,0.142,0.048
1607,0.102,0.662,0.236
1608,0.038,0.714,0.248
1609,0.702,0.202,0.096
1610,0.956,0.04,0.004
1611,0.96,0.026,0.014
1612,0.982,0.016,0.002
1613,0.734,0.212,0.054
1614,0.22,0.478,0.302
1615,0.276,0.44,0.284
1616,0.796,0.11,0.094
1617,0.784,0.18,0.036
1618,0.914,0.06,0.026
1619,0.032,0.464,0.504
1620,0.918,0.03,0.052
1621,0.854,0.058,0.088
1622,0.422,0.286,0.292
1623,0.028,0.092,0.88
1624,0.246,0.48,0.274
1625,0.11,0.166,0.724
1626,0.006,0.316,0.678
1627,0.382,0.446,0.172
1628,0.666,0.254,0.08
1629,0.286,0.182,0.532
1630,0.04,0.83,0.13
1631,0.288,0.526,0.186
1632,0.328,0.608,0.064
1633,0.486,0.39,0.124
1634,0.158,0.156,0.686
1635,0.916,0.068,0.016
1636,0.08,0.402,0.518
1637,0.238,0.498,0.264
1638,0.132,0.672,0.196
1639,0.37,0.194,0.436
1640,0.502,0.404,0.094
1641,0.086,0.018,0.896
1642,0.99,0.01,0
1643,0.046,0.784,0.17
1644,0.088,0.14,0.772
1645,0.06,0.176,0.764
1646,0.462,0.374,0.164
1647,0.142,0.328,0.53
1648,0.068,0.416,0.516
1649,0.366,0.606,0.028
1650,0.174,0.3,0.526
1651,0.118,0.236,0.646
1652,0.828,0.108,0.064
1653,0.49,0.408,0.102
1654,0.264,0.588,0.148
1655,0.104,0.706,0.19
1656,0.134,0.524,0.342
1657,0.774,0.19,0.036
1658,0.234,0.604,0.162
1659,0.89,0.092,0.018
1660,0.852,0.084,0.064
1661,0.532,0.406,0.062
1662,0.306,0.352,0.342
1663,0.17,0.314,0.516
1664,0.038,0.15,0.812
1665,0.028,0.11,0.862
1666,0.424,0.528,0.048
1667,0.558,0.366,0.076
1668,0.8,0.176,0.024
1669,0.17,0.45,0.38
1670,0.862,0.118,0.02
1671,0.108,0.314,0.578
1672,0.55,0.194,0.256
1673,0.132,0.77,0.098
1674,0.328,0.35,0.322
1675,0.24,0.608,0.152
1676,0.49,0.438,0.072
1677,0.39,0.428,0.182
1678,0.96,0.036,0.004
1679,0.51,0.338,0.152
1680,0.758,0.202,0.04
1681,0.928,0.06,0.012
1682,0.28,0.216,0.504
1683,0.086,0.19,0.724
1684,0.438,0.384,0.178
1685,0.064,0.852,0.084
1686,0.314,0.626,0.06
1687,0.362,0.438,0.2
1688,0.344,0.534,0.122
1689,0.7,0.228,0.072
1690,0.132,0.478,0.39
1691,0.124,0.352,0.524
1692,0.328,0.438,0.234
1693,0.076,0.156,0.768
1694,0.722,0.236,0.042
1695,0.012,0.07,0.918
1696,0.982,0.014,0.004
1697,0.42,0.328,0.252
1698,0.514,0.372,0.114
1699,0.644,0.268,0.088
1700,0.154,0.21,0.636
1701,0.718,0.248,0.034
1702,0.332,0.012,0.656
1703,0.376,0.44,0.184
1704,0.588,0.34,0.072
1705,0.734,0.198,0.068
1706,0.136,0.57,0.294
1707,0.842,0.108,0.05
1708,0.668,0.252,0.08
1709,0.172,0.744,0.084
1710,0.118,0.522,0.36
1711,0.08,0.24,0.68
1712,0.468,0.312,0.22
1713,0.052,0.688,0.26
1714,0.416,0.346,0.238
1715,0.154,0.516,0.33
1716,0.422,0.356,0.222
1717,0.356,0.478,0.166
1718,0.228,0.68,0.092
1719,0.79,0.15,0.06
1720,0.742,0.222,0.036
1721,0.148,0.7,0.152
1722,0.354,0.446,0.2
1723,0.042,0.122,0.836
1724,0.238,0.392,0.37
1725,0.58,0.31,0.11
1726,0.2,0.284,0.516
1727,0.388,0.512,0.1
1728,0.448,0.346,0.206
1729,0.704,0.164,0.132
1730,0.666,0.276,0.058
1731,0.024,0.218,0.758
1732,0.034,0.544,0.422
1733,0.086,0.394,0.52
1734,0.882,0.1,0.018
1735,0.238,0.374,0.388
1736,0.518,0.386,0.096
1737,0.436,0.508,0.056
1738,0.912,0.078,0.01
1739,0.62,0.226,0.154
1740,0.216,0.682,0.102
1741,0.594,0.23,0.176
1742,0.492,0.37,0.138
1743,0.16,0.648,0.192
1744,0.358,0.448,0.194
1745,0.402,0.3,0.298
1746,0.034,0.754,0.212
1747,0.8,0.16,0.04
1748,0.61,0.35,0.04
1749,0.408,0.47,0.122
1750,0.328,0.2,0.472
1751,0.582,0.298,0.12
1752,0.944,0.042,0.014
1753,0.118,0.064,0.818
1754,0.868,0.1,0.032
1755,0.696,0.276,0.028
1756,0.696,0.274,0.03
1757,0.358,0.536,0.106
1758,0.438,0.306,0.256
1759,0.014,0.976,0.01
1760,0.318,0.614,0.068
1761,0.768,0.154,0.078
1762,0.314,0.438,0.248
1763,0.914,0.076,0.01
1764,0.762,0.178,0.06
